Date,Open,High,Low,Close,Volume,Adj Close
2015-02-13,1.96,1.96,1.83,1.87,159300,1.87
2015-02-12,1.86,1.94,1.81,1.89,161500,1.89
2015-02-11,1.85,1.86,1.83,1.86,80200,1.86
2015-02-10,1.84,1.87,1.81,1.81,113100,1.81
2015-02-09,1.87,1.90,1.84,1.84,93100,1.84
2015-02-06,1.94,1.94,1.86,1.90,156000,1.90
2015-02-05,1.85,1.88,1.83,1.86,57100,1.86
2015-02-04,1.88,1.89,1.81,1.87,70200,1.87
2015-02-03,1.83,1.86,1.78,1.86,149200,1.86
2015-02-02,1.82,1.88,1.72,1.81,189900,1.81
2015-01-30,1.79,1.88,1.78,1.80,68500,1.80
2015-01-29,1.85,1.87,1.77,1.79,162200,1.79
2015-01-28,1.91,1.91,1.80,1.82,110500,1.82
2015-01-27,1.87,1.93,1.87,1.91,99500,1.91
2015-01-26,1.79,1.93,1.79,1.93,160800,1.93
2015-01-23,1.80,1.83,1.75,1.83,71100,1.83
2015-01-22,1.82,1.87,1.72,1.79,213600,1.79
2015-01-21,1.97,1.97,1.81,1.83,137400,1.83
2015-01-20,1.95,1.97,1.90,1.93,216300,1.93
2015-01-16,1.93,1.96,1.89,1.96,146900,1.96
2015-01-15,2.02,2.05,1.90,1.95,178400,1.95
2015-01-14,1.98,2.03,1.93,2.03,253900,2.03
2015-01-13,2.07,2.16,2.00,2.03,293500,2.03
2015-01-12,2.11,2.15,2.06,2.10,285800,2.10
2015-01-09,1.93,2.17,1.92,2.06,627700,2.06
2015-01-08,1.95,1.98,1.88,1.91,417700,1.91
2015-01-07,1.79,1.98,1.75,1.90,766600,1.90
2015-01-06,1.79,1.81,1.70,1.77,288000,1.77
2015-01-05,1.78,1.81,1.75,1.77,241400,1.77
2015-01-02,1.65,1.74,1.65,1.71,133900,1.71
2014-12-31,1.69,1.75,1.62,1.62,161300,1.62
2014-12-30,1.64,1.67,1.64,1.67,1400,1.67
2014-12-29,1.64,1.73,1.62,1.66,173300,1.66
2014-12-26,1.68,1.77,1.68,1.68,105600,1.68
2014-12-24,1.72,1.72,1.66,1.68,84000,1.68
2014-12-23,1.65,1.69,1.58,1.69,255300,1.69
2014-12-22,1.70,1.72,1.64,1.66,250400,1.66
2014-12-19,1.71,1.75,1.68,1.72,128700,1.72
2014-12-18,1.76,1.77,1.68,1.69,216300,1.69
2014-12-17,1.77,1.78,1.69,1.74,356200,1.74
2014-12-16,1.88,1.89,1.70,1.73,1356800,1.73
2014-12-15,1.82,1.87,1.62,1.63,391400,1.63
2014-12-12,1.84,1.95,1.65,1.73,586600,1.73
2014-12-11,1.57,1.85,1.57,1.83,1369800,1.83
2014-12-10,1.61,1.63,1.54,1.55,81800,1.55
2014-12-09,1.60,1.66,1.51,1.59,385700,1.59
2014-12-08,1.77,1.82,1.55,1.56,1908100,1.56
2014-12-05,1.38,1.55,1.37,1.48,577300,1.48
2014-12-04,1.25,1.42,1.23,1.38,149000,1.38
2014-12-03,1.21,1.28,1.21,1.25,56600,1.25
2014-12-02,1.26,1.28,1.21,1.23,94700,1.23
2014-12-01,1.22,1.33,1.22,1.24,78600,1.24
2014-11-28,1.24,1.38,1.20,1.29,31600,1.29
2014-11-26,1.22,1.27,1.22,1.25,65500,1.25
2014-11-25,1.26,1.28,1.23,1.25,65400,1.25
2014-11-24,1.24,1.30,1.23,1.27,93000,1.27
2014-11-21,1.30,1.34,1.25,1.27,57200,1.27
2014-11-20,1.24,1.30,1.23,1.28,42100,1.28
2014-11-19,1.27,1.29,1.25,1.25,89300,1.25
2014-11-18,1.26,1.32,1.23,1.29,68800,1.29
2014-11-17,1.33,1.33,1.26,1.28,105000,1.28
2014-11-14,1.36,1.38,1.31,1.34,30100,1.34
2014-11-13,1.30,1.40,1.30,1.35,73900,1.35
2014-11-12,1.33,1.38,1.30,1.33,68000,1.33
2014-11-11,1.35,1.40,1.30,1.37,83400,1.37
2014-11-10,1.40,1.40,1.35,1.35,87900,1.35
2014-11-07,1.48,1.48,1.41,1.43,36400,1.43
2014-11-06,1.42,1.47,1.39,1.45,64700,1.45
2014-11-05,1.41,1.45,1.40,1.40,112500,1.40
2014-11-04,1.42,1.42,1.37,1.37,60000,1.37
2014-11-03,1.48,1.48,1.35,1.41,167200,1.41
2014-10-31,1.33,1.46,1.33,1.40,82900,1.40
2014-10-30,1.33,1.45,1.33,1.40,121400,1.40
2014-10-29,1.35,1.38,1.34,1.37,66600,1.37
2014-10-28,1.35,1.37,1.33,1.34,56600,1.34
2014-10-27,1.34,1.37,1.30,1.37,147000,1.37
2014-10-24,1.36,1.40,1.33,1.36,49900,1.36
2014-10-23,1.34,1.37,1.31,1.36,46400,1.36
2014-10-22,1.35,1.39,1.33,1.33,33300,1.33
2014-10-21,1.36,1.36,1.27,1.36,85800,1.36
2014-10-20,1.35,1.36,1.26,1.34,95300,1.34
2014-10-17,1.40,1.44,1.33,1.37,161800,1.37
2014-10-16,1.37,1.44,1.35,1.38,110700,1.38
2014-10-15,1.36,1.42,1.33,1.40,30000,1.40
2014-10-14,1.35,1.47,1.35,1.37,30800,1.37
2014-10-13,1.40,1.42,1.32,1.38,23400,1.38
2014-10-10,1.42,1.45,1.36,1.40,70200,1.40
2014-10-09,1.48,1.48,1.37,1.43,46000,1.43
2014-10-08,1.53,1.53,1.45,1.47,52700,1.47
2014-10-07,1.54,1.55,1.49,1.53,34400,1.53
2014-10-06,1.52,1.57,1.51,1.54,43300,1.54
2014-10-03,1.55,1.56,1.48,1.52,63200,1.52
2014-10-02,1.52,1.54,1.50,1.52,20000,1.52
2014-10-01,1.56,1.56,1.47,1.51,29600,1.51
2014-09-30,1.53,1.55,1.51,1.54,24000,1.54
2014-09-29,1.55,1.57,1.49,1.52,149100,1.52
2014-09-26,1.47,1.51,1.45,1.49,50400,1.49
2014-09-25,1.53,1.53,1.46,1.46,37500,1.46
2014-09-24,1.51,1.54,1.48,1.52,57900,1.52
2014-09-23,1.51,1.56,1.48,1.49,29200,1.49
2014-09-22,1.56,1.59,1.49,1.51,107300,1.51
2014-09-19,1.55,1.61,1.50,1.56,114900,1.56
2014-09-18,1.61,1.65,1.61,1.62,13200,1.62
2014-09-17,1.63,1.65,1.60,1.63,114300,1.63
2014-09-16,1.61,1.62,1.58,1.60,68100,1.60
2014-09-15,1.65,1.68,1.61,1.62,109500,1.62
2014-09-12,1.67,1.68,1.63,1.66,59400,1.66
2014-09-11,1.65,1.69,1.65,1.69,88800,1.69
2014-09-10,1.65,1.65,1.62,1.65,82900,1.65
2014-09-09,1.68,1.68,1.63,1.64,39200,1.64
2014-09-08,1.66,1.68,1.65,1.67,32500,1.67
2014-09-05,1.65,1.70,1.64,1.67,95700,1.67
2014-09-04,1.66,1.68,1.63,1.65,69000,1.65
2014-09-03,1.69,1.73,1.63,1.64,236200,1.64
2014-09-02,1.67,1.70,1.66,1.68,65200,1.68
2014-08-29,1.64,1.69,1.63,1.67,78600,1.67
2014-08-28,1.67,1.70,1.61,1.66,95000,1.66
2014-08-27,1.66,1.71,1.65,1.67,129700,1.67
2014-08-26,1.71,1.72,1.61,1.65,226300,1.65
2014-08-25,1.74,1.75,1.71,1.71,75600,1.71
2014-08-22,1.73,1.76,1.70,1.75,32200,1.75
2014-08-21,1.80,1.80,1.70,1.72,50600,1.72
2014-08-20,1.75,1.78,1.69,1.75,44600,1.75
2014-08-19,1.83,1.83,1.76,1.79,38000,1.79
2014-08-18,1.82,1.82,1.79,1.81,23700,1.81
2014-08-15,1.78,1.83,1.77,1.82,22700,1.82
2014-08-14,1.83,1.83,1.77,1.77,44100,1.77
2014-08-13,1.85,1.86,1.79,1.80,38000,1.80
2014-08-12,1.84,1.85,1.82,1.83,44600,1.83
2014-08-11,1.80,1.87,1.76,1.82,134800,1.82
2014-08-08,1.74,1.78,1.65,1.70,276600,1.70
2014-08-07,1.80,1.84,1.74,1.74,33900,1.74
2014-08-06,1.78,1.85,1.72,1.77,45300,1.77
2014-08-05,1.75,1.81,1.75,1.79,75500,1.79
2014-08-04,1.85,1.89,1.71,1.74,124700,1.74
2014-08-01,1.78,1.92,1.75,1.81,103400,1.81
2014-07-31,1.90,1.91,1.78,1.79,149200,1.79
2014-07-30,1.94,1.94,1.85,1.87,122500,1.87
2014-07-29,1.95,2.00,1.90,1.91,27500,1.91
2014-07-28,1.95,1.97,1.85,1.94,75100,1.94
2014-07-25,1.91,1.95,1.91,1.93,31500,1.93
2014-07-24,1.95,1.97,1.92,1.94,34500,1.94
2014-07-23,1.93,1.98,1.92,1.97,66800,1.97
2014-07-22,1.95,2.00,1.93,1.93,64500,1.93
2014-07-21,1.99,2.01,1.93,1.95,43700,1.95
2014-07-18,2.01,2.01,1.94,2.00,59800,2.00
2014-07-17,2.03,2.06,2.00,2.02,50000,2.02
2014-07-16,2.13,2.13,2.00,2.06,187000,2.06
2014-07-15,2.10,2.11,2.05,2.05,19700,2.05
2014-07-14,2.08,2.08,2.02,2.07,24600,2.07
2014-07-11,2.02,2.09,2.01,2.06,40400,2.06
2014-07-10,2.05,2.06,2.00,2.04,96700,2.04
2014-07-09,2.15,2.15,2.08,2.09,63100,2.09
2014-07-08,2.19,2.19,2.08,2.14,244700,2.14
2014-07-07,2.13,2.21,2.11,2.19,284900,2.19
2014-07-03,2.16,2.16,2.10,2.11,28900,2.11
2014-07-02,2.11,2.19,2.09,2.13,286200,2.13
2014-07-01,2.07,2.09,2.04,2.06,36100,2.06
2014-06-30,2.07,2.11,2.02,2.08,18500,2.08
2014-06-27,2.10,2.10,2.08,2.10,23000,2.10
2014-06-26,2.12,2.15,2.07,2.11,10500,2.11
2014-06-25,2.05,2.13,2.03,2.11,13800,2.11
2014-06-24,2.16,2.16,2.08,2.08,76400,2.08
2014-06-23,2.17,2.17,2.01,2.16,38200,2.16
2014-06-20,2.19,2.19,2.15,2.16,25200,2.16
2014-06-19,2.16,2.19,2.09,2.14,71600,2.14
2014-06-18,2.22,2.22,2.11,2.19,15000,2.19
2014-06-17,2.20,2.22,2.16,2.18,65600,2.18
2014-06-16,2.25,2.27,2.19,2.24,93000,2.24
2014-06-13,2.24,2.24,2.21,2.23,59600,2.23
2014-06-12,2.11,2.24,2.11,2.24,151800,2.24
2014-06-11,2.27,2.27,2.11,2.16,247900,2.16
2014-06-10,2.31,2.36,2.15,2.19,959500,2.19
2014-06-09,2.09,2.24,2.00,2.11,395200,2.11
2014-06-06,2.00,2.07,2.00,2.06,27400,2.06
2014-06-05,2.00,2.06,2.00,2.05,10000,2.05
2014-06-04,2.02,2.03,2.00,2.01,33500,2.01
2014-06-03,2.08,2.08,2.00,2.00,385500,2.00
2014-06-02,2.07,2.07,2.00,2.01,49400,2.01
2014-05-30,2.22,2.24,2.05,2.08,64500,2.08
2014-05-29,2.05,2.20,2.00,2.19,90200,2.19
2014-05-28,2.00,2.10,2.00,2.08,28100,2.08
2014-05-27,2.00,2.04,1.99,2.00,216600,2.00
2014-05-23,2.02,2.02,1.97,1.99,12000,1.99
2014-05-22,1.96,2.00,1.94,1.94,29700,1.94
2014-05-21,1.92,2.00,1.92,1.96,15600,1.96
2014-05-20,2.01,2.01,1.92,1.97,318000,1.97
2014-05-19,2.02,2.03,1.92,2.02,50900,2.02
2014-05-16,1.98,2.02,1.98,2.00,24500,2.00
2014-05-15,1.98,2.05,1.98,2.00,15800,2.00
2014-05-14,1.98,2.02,1.95,2.00,37000,2.00
2014-05-13,2.08,2.10,1.97,2.01,55200,2.01
2014-05-12,2.01,2.05,2.00,2.05,43900,2.05
2014-05-09,1.99,2.00,1.94,1.96,31800,1.96
2014-05-08,1.98,2.04,1.96,1.96,54400,1.96
2014-05-07,2.03,2.06,1.99,2.00,32500,2.00
2014-05-06,2.15,2.15,2.07,2.08,32300,2.08
2014-05-05,2.01,2.17,1.99,2.13,96300,2.13
2014-05-02,2.05,2.05,1.98,2.00,29700,2.00
2014-05-01,2.00,2.11,2.00,2.04,8300,2.04
2014-04-30,2.04,2.08,1.91,2.02,33600,2.02
2014-04-29,2.03,2.07,2.03,2.06,27000,2.06
2014-04-28,2.06,2.06,2.00,2.05,48100,2.05
2014-04-25,2.12,2.18,2.05,2.05,73200,2.05
2014-04-24,2.05,2.10,2.05,2.07,9200,2.07
2014-04-23,2.12,2.12,2.03,2.10,36400,2.10
2014-04-22,2.05,2.16,2.05,2.12,79200,2.12
2014-04-21,2.03,2.05,2.01,2.05,22600,2.05
2014-04-17,2.04,2.05,1.99,2.04,70400,2.04
2014-04-16,2.04,2.05,1.87,2.03,71700,2.03
2014-04-15,2.03,2.06,1.84,2.00,419100,2.00
2014-04-14,2.05,2.13,2.02,2.02,138900,2.02
2014-04-11,2.15,2.17,2.02,2.08,328800,2.08
2014-04-10,2.25,2.25,2.14,2.17,137300,2.17
2014-04-09,2.19,2.24,2.17,2.21,32600,2.21
2014-04-08,2.19,2.22,2.14,2.21,113400,2.21
2014-04-07,2.22,2.28,2.14,2.16,98700,2.16
2014-04-04,2.22,2.26,2.11,2.16,198800,2.16
2014-04-03,2.26,2.26,2.20,2.24,99800,2.24
2014-04-02,2.25,2.27,2.21,2.25,89900,2.25
2014-04-01,2.25,2.33,2.18,2.27,282500,2.27
2014-03-31,2.20,2.25,2.14,2.23,144200,2.23
2014-03-28,2.29,2.32,2.15,2.21,207700,2.21
2014-03-27,2.27,2.28,2.20,2.27,146500,2.27
2014-03-26,2.34,2.37,2.21,2.29,190300,2.29
2014-03-25,2.37,2.41,2.30,2.34,250300,2.34
2014-03-24,2.49,2.49,2.33,2.38,406600,2.38
2014-03-21,2.51,2.52,2.44,2.46,168400,2.46
2014-03-20,2.51,2.52,2.48,2.52,114200,2.52
2014-03-19,2.55,2.55,2.49,2.50,240700,2.50
2014-03-18,2.49,2.52,2.49,2.52,150900,2.52
2014-03-17,2.50,2.52,2.45,2.49,218100,2.49
2014-03-14,2.47,2.53,2.45,2.48,182900,2.48
2014-03-13,2.53,2.56,2.47,2.51,238800,2.51
2014-03-12,2.52,2.55,2.48,2.52,252400,2.52
2014-03-11,2.58,2.58,2.47,2.52,354400,2.52
2014-03-10,2.55,2.59,2.52,2.56,675500,2.56
2014-03-07,2.51,2.52,2.46,2.49,413400,2.49
2014-03-06,2.57,2.57,2.49,2.51,684200,2.51
2014-03-05,2.60,2.60,2.53,2.54,865800,2.54
2014-03-04,2.55,2.56,2.50,2.54,4583300,2.54
2014-03-03,2.86,3.03,2.86,2.92,83200,2.92
2014-02-28,3.00,3.08,2.98,3.01,76300,3.01
2014-02-27,2.86,2.99,2.86,2.98,94600,2.98
2014-02-26,2.84,2.93,2.83,2.86,37000,2.86
2014-02-25,2.82,2.85,2.81,2.82,45300,2.82
2014-02-24,2.81,2.86,2.80,2.85,57200,2.85
2014-02-21,2.81,2.83,2.79,2.81,19000,2.81
2014-02-20,2.87,2.90,2.76,2.78,52300,2.78
2014-02-19,2.92,2.92,2.84,2.86,25600,2.86
2014-02-18,2.88,2.95,2.85,2.93,77100,2.93
2014-02-14,2.76,2.84,2.76,2.84,56800,2.84
2014-02-13,2.91,2.91,2.76,2.79,131600,2.79
2014-02-12,3.05,3.09,2.75,2.82,615300,2.82
2014-02-11,2.90,2.92,2.84,2.92,18000,2.92
2014-02-10,2.96,2.96,2.85,2.91,46100,2.91
2014-02-07,2.82,2.98,2.74,2.92,48100,2.92
2014-02-06,2.82,2.85,2.75,2.76,57000,2.76
2014-02-05,2.81,2.88,2.72,2.82,93700,2.82
2014-02-04,2.79,2.83,2.78,2.80,53400,2.80
2014-02-03,2.89,2.91,2.77,2.81,84800,2.81
2014-01-31,2.84,2.97,2.84,2.92,35500,2.92
2014-01-30,2.87,2.98,2.85,2.92,34700,2.92
2014-01-29,2.85,2.87,2.78,2.87,31000,2.87
2014-01-28,2.91,2.91,2.76,2.87,16300,2.87
2014-01-27,2.90,2.97,2.74,2.86,177500,2.86
2014-01-24,3.12,3.12,2.95,2.99,90100,2.99
2014-01-23,3.01,3.12,2.97,3.07,306300,3.07
2014-01-22,2.88,2.98,2.87,2.93,78200,2.93
2014-01-21,3.00,3.00,2.81,2.90,222600,2.90
2014-01-17,2.99,3.00,2.96,2.99,96800,2.99
2014-01-16,2.98,2.99,2.82,2.97,73900,2.97
2014-01-15,2.93,2.98,2.82,2.95,63800,2.95
2014-01-14,2.95,2.98,2.89,2.91,88800,2.91
2014-01-13,2.84,3.00,2.84,2.88,187100,2.88
2014-01-10,2.85,2.87,2.71,2.78,88900,2.78
2014-01-09,2.87,2.91,2.83,2.86,43200,2.86
2014-01-08,3.00,3.07,2.75,2.84,433400,2.84
2014-01-07,2.94,2.94,2.80,2.90,60600,2.90
2014-01-06,2.91,2.91,2.84,2.88,63700,2.88
2014-01-03,2.93,2.94,2.86,2.91,34300,2.91
2014-01-02,2.85,2.94,2.85,2.90,115900,2.90
2013-12-31,2.80,2.87,2.80,2.81,52100,2.81
2013-12-30,2.74,2.83,2.74,2.79,90200,2.79
2013-12-27,2.94,2.96,2.83,2.88,96300,2.88
2013-12-26,2.92,2.98,2.91,2.96,68300,2.96
2013-12-24,2.95,2.98,2.86,2.91,98800,2.91
2013-12-23,2.80,2.88,2.79,2.86,128500,2.86
2013-12-20,2.77,2.77,2.72,2.76,91600,2.76
2013-12-19,2.80,2.83,2.67,2.78,72500,2.78
2013-12-18,2.79,2.86,2.70,2.77,120600,2.77
2013-12-17,2.88,2.88,2.70,2.74,352700,2.74
2013-12-16,3.30,3.34,2.82,2.93,2374500,2.93
2013-12-13,2.53,2.65,2.51,2.55,79300,2.55
2013-12-12,2.56,2.59,2.52,2.53,45900,2.53
2013-12-11,2.74,2.74,2.57,2.64,74400,2.64
2013-12-10,2.80,2.82,2.67,2.67,218100,2.67
2013-12-09,2.64,2.64,2.54,2.57,36700,2.57
2013-12-06,2.59,2.60,2.48,2.59,72700,2.59
2013-12-05,2.60,2.65,2.50,2.56,53900,2.56
2013-12-04,2.56,2.61,2.54,2.60,14400,2.60
2013-12-03,2.60,2.61,2.55,2.60,25300,2.60
2013-12-02,2.61,2.63,2.48,2.63,55900,2.63
2013-11-29,2.65,2.69,2.62,2.66,23900,2.66
2013-11-27,2.69,2.69,2.60,2.64,20200,2.64
2013-11-26,2.77,2.77,2.63,2.70,160300,2.70
2013-11-25,2.58,2.60,2.51,2.59,52500,2.59
2013-11-22,2.68,2.68,2.48,2.58,110700,2.58
2013-11-21,2.60,2.65,2.55,2.65,51800,2.65
2013-11-20,2.75,2.77,2.60,2.63,158500,2.63
2013-11-19,2.87,2.90,2.76,2.82,177900,2.82
2013-11-18,2.62,2.80,2.60,2.78,149500,2.78
2013-11-15,2.45,2.57,2.45,2.57,37100,2.57
2013-11-14,2.52,2.56,2.48,2.50,37800,2.50
2013-11-13,2.51,2.58,2.46,2.54,61600,2.54
2013-11-12,2.58,2.58,2.52,2.56,48200,2.56
2013-11-11,2.62,2.62,2.51,2.56,56900,2.56
2013-11-08,2.69,2.69,2.50,2.55,24700,2.55
2013-11-07,2.60,2.60,2.48,2.50,94400,2.50
2013-11-06,2.70,2.70,2.55,2.63,73000,2.63
2013-11-05,2.70,2.70,2.52,2.61,62700,2.61
2013-11-04,2.65,2.69,2.62,2.65,112300,2.65
2013-11-01,2.48,2.60,2.38,2.60,40400,2.60
2013-10-31,2.58,2.60,2.48,2.51,70400,2.51
2013-10-30,2.63,2.64,2.55,2.58,108000,2.58
2013-10-29,2.73,2.80,2.65,2.72,39100,2.72
2013-10-28,2.73,2.77,2.69,2.75,38900,2.75
2013-10-25,2.70,2.75,2.60,2.65,39000,2.65
2013-10-24,2.73,2.74,2.60,2.65,149700,2.65
2013-10-23,2.79,2.84,2.76,2.77,52700,2.77
2013-10-22,2.83,2.92,2.79,2.88,67500,2.88
2013-10-21,2.86,2.90,2.81,2.83,70600,2.83
2013-10-18,2.78,2.82,2.73,2.81,53500,2.81
2013-10-17,2.84,2.85,2.75,2.80,86900,2.80
2013-10-16,2.80,2.82,2.72,2.74,61200,2.74
2013-10-15,2.78,2.80,2.71,2.77,66300,2.77
2013-10-14,2.96,2.97,2.65,2.78,179800,2.78
2013-10-11,2.91,2.98,2.90,2.98,113000,2.98
2013-10-10,3.00,3.00,2.90,2.91,120800,2.91
2013-10-09,2.88,2.92,2.79,2.92,198400,2.92
2013-10-08,2.90,3.09,2.61,2.80,910400,2.80
2013-10-07,2.65,2.79,2.61,2.66,250200,2.66
2013-10-04,2.73,2.73,2.52,2.59,150700,2.59
2013-10-03,2.45,2.73,2.33,2.68,305400,2.68
2013-10-02,2.24,2.60,2.24,2.44,388000,2.44
2013-10-01,2.24,2.25,2.20,2.23,84900,2.23
2013-09-30,2.20,2.26,2.19,2.19,31200,2.19
2013-09-27,2.16,2.30,2.16,2.23,53200,2.23
2013-09-26,2.16,2.23,2.16,2.16,17300,2.16
2013-09-25,2.19,2.19,2.16,2.16,17500,2.16
2013-09-24,2.25,2.25,2.15,2.16,24200,2.16
2013-09-23,2.26,2.26,2.16,2.17,53000,2.17
2013-09-20,2.29,2.29,2.25,2.25,34000,2.25
2013-09-19,2.23,2.29,2.23,2.27,41100,2.27
2013-09-18,2.21,2.30,2.18,2.22,38500,2.22
2013-09-17,2.27,2.35,2.22,2.24,73600,2.24
2013-09-16,2.21,2.27,2.18,2.22,81600,2.22
2013-09-13,2.22,2.24,2.15,2.15,132800,2.15
2013-09-12,2.28,2.28,2.20,2.23,50700,2.23
2013-09-11,2.27,2.33,2.20,2.25,129500,2.25
2013-09-10,2.43,2.43,2.23,2.30,214500,2.30
2013-09-09,2.32,2.44,2.18,2.30,1007200,2.30
2013-09-06,2.07,2.15,1.99,2.09,58200,2.09
2013-09-05,1.93,2.06,1.93,2.05,84400,2.05
2013-09-04,1.96,2.04,1.96,1.97,68400,1.97
2013-09-03,1.99,2.04,1.93,1.94,110600,1.94
2013-08-30,1.91,1.95,1.88,1.89,29600,1.89
2013-08-29,1.93,1.95,1.90,1.92,45300,1.92
2013-08-28,1.89,1.94,1.89,1.94,39500,1.94
2013-08-27,1.98,1.98,1.89,1.90,297000,1.90
2013-08-26,2.09,2.11,2.04,2.09,84400,2.09
2013-08-23,2.26,2.28,2.05,2.16,129400,2.16
2013-08-22,2.29,2.32,2.22,2.28,57600,2.28
2013-08-21,2.25,2.28,2.20,2.24,125200,2.24
2013-08-20,2.32,2.40,2.23,2.29,744800,2.29
2013-08-19,2.07,2.18,2.06,2.13,655500,2.13
2013-08-16,2.03,2.03,1.95,1.96,43300,1.96
2013-08-15,2.01,2.01,1.95,2.01,23100,2.01
2013-08-14,2.04,2.04,1.99,2.00,153800,2.00
2013-08-13,1.90,2.06,1.90,1.95,156600,1.95
2013-08-12,1.87,1.92,1.87,1.92,33400,1.92
2013-08-09,1.87,1.90,1.87,1.87,9100,1.87
2013-08-08,1.87,1.89,1.85,1.87,14200,1.87
2013-08-07,1.83,1.92,1.81,1.89,78100,1.89
2013-08-06,1.88,1.89,1.79,1.86,44600,1.86
2013-08-05,1.86,1.89,1.83,1.84,140400,1.84
2013-08-02,1.84,1.86,1.84,1.84,27800,1.84
2013-08-01,1.85,1.87,1.84,1.85,15800,1.85
2013-07-31,1.80,1.82,1.80,1.82,110200,1.82
2013-07-30,1.82,1.83,1.80,1.80,18300,1.80
2013-07-29,1.82,1.85,1.82,1.83,38100,1.83
2013-07-26,1.84,1.87,1.83,1.85,39100,1.85
2013-07-25,1.83,1.86,1.80,1.86,44800,1.86
2013-07-24,1.81,1.84,1.80,1.80,30000,1.80
2013-07-23,1.84,1.84,1.80,1.81,14000,1.81
2013-07-22,1.78,1.92,1.75,1.83,91200,1.83
2013-07-19,1.78,1.79,1.77,1.77,27400,1.77
2013-07-18,1.80,1.80,1.78,1.78,36000,1.78
2013-07-17,1.83,1.88,1.79,1.80,73300,1.80
2013-07-16,1.76,1.85,1.75,1.81,155900,1.81
2013-07-15,1.77,1.78,1.71,1.75,63900,1.75
2013-07-12,1.75,1.79,1.73,1.74,26400,1.74
2013-07-11,1.75,1.79,1.75,1.76,47900,1.76
2013-07-10,1.77,1.78,1.72,1.74,50200,1.74
2013-07-09,1.72,1.75,1.69,1.75,152100,1.75
2013-07-08,1.69,1.70,1.67,1.69,157500,1.69
2013-07-05,1.64,1.67,1.61,1.66,129100,1.66
2013-07-03,1.65,1.66,1.61,1.63,69200,1.63
2013-07-02,1.65,1.66,1.60,1.63,96200,1.63
2013-07-01,1.65,1.66,1.62,1.62,146800,1.62
2013-06-28,1.75,1.75,1.61,1.62,84500,1.62
2013-06-27,1.62,1.66,1.57,1.66,179800,1.66
2013-06-26,1.60,1.60,1.57,1.59,42400,1.59
2013-06-25,1.62,1.62,1.58,1.61,25400,1.61
2013-06-24,1.62,1.64,1.60,1.62,41500,1.62
2013-06-21,1.66,1.66,1.60,1.61,6600,1.61
2013-06-20,1.65,1.67,1.60,1.60,100200,1.60
2013-06-19,1.63,1.68,1.60,1.64,53100,1.64
2013-06-18,1.67,1.67,1.59,1.64,115500,1.64
2013-06-17,1.65,1.70,1.61,1.64,33500,1.64
2013-06-14,1.62,1.64,1.59,1.61,22500,1.61
2013-06-13,1.59,1.65,1.59,1.60,50900,1.60
2013-06-12,1.71,1.71,1.63,1.63,20500,1.63
2013-06-11,1.70,1.71,1.64,1.70,56800,1.70
2013-06-10,1.80,1.80,1.70,1.74,518200,1.74
2013-06-07,1.61,1.65,1.61,1.65,21700,1.65
2013-06-06,1.60,1.64,1.57,1.62,380700,1.62
2013-06-05,1.65,1.65,1.58,1.58,77900,1.58
2013-06-04,1.67,1.67,1.62,1.65,67100,1.65
2013-06-03,1.63,1.66,1.62,1.64,35000,1.64
2013-05-31,1.70,1.71,1.63,1.64,37900,1.64
2013-05-30,1.67,1.69,1.63,1.69,58600,1.69
2013-05-29,1.69,1.69,1.66,1.67,43200,1.67
2013-05-28,1.68,1.69,1.62,1.69,53900,1.69
2013-05-24,1.67,1.68,1.62,1.63,35700,1.63
2013-05-23,1.63,1.70,1.55,1.68,51500,1.68
2013-05-22,1.77,1.79,1.63,1.67,203400,1.67
2013-05-21,1.78,1.78,1.74,1.75,50100,1.75
2013-05-20,1.76,1.79,1.71,1.78,128500,1.78
2013-05-17,1.79,1.83,1.75,1.79,122500,1.79
2013-05-16,1.78,1.82,1.76,1.80,31600,1.80
2013-05-15,1.83,1.83,1.78,1.78,54900,1.78
2013-05-14,1.78,1.80,1.77,1.80,66700,1.80
2013-05-13,1.78,1.81,1.75,1.78,137800,1.78
2013-05-10,1.80,1.81,1.75,1.80,106300,1.80
2013-05-09,1.82,1.82,1.77,1.80,43400,1.80
2013-05-08,1.82,1.82,1.77,1.81,15500,1.81
2013-05-07,1.75,1.82,1.75,1.81,78000,1.81
2013-05-06,1.79,1.80,1.75,1.77,86800,1.77
2013-05-03,1.81,1.85,1.76,1.77,156000,1.77
2013-05-02,1.85,1.88,1.75,1.77,162500,1.77
2013-05-01,1.82,1.86,1.72,1.80,149000,1.80
2013-04-30,1.80,1.88,1.80,1.82,42600,1.82
2013-04-29,1.90,1.90,1.81,1.83,102600,1.83
2013-04-26,1.92,2.01,1.88,1.89,251500,1.89
2013-04-25,1.88,1.92,1.81,1.91,128200,1.91
2013-04-24,1.84,1.90,1.82,1.86,65400,1.86
2013-04-23,1.84,1.87,1.80,1.87,144300,1.87
2013-04-22,1.85,1.88,1.83,1.83,88000,1.83
2013-04-19,1.87,1.87,1.80,1.83,102600,1.83
2013-04-18,1.89,1.89,1.75,1.82,142300,1.82
2013-04-17,2.00,2.00,1.82,1.88,387000,1.88
2013-04-16,1.85,1.85,1.75,1.82,63800,1.82
2013-04-15,1.88,1.88,1.77,1.81,110000,1.81
2013-04-12,1.80,1.88,1.80,1.85,35900,1.85
2013-04-11,1.87,1.88,1.79,1.86,147900,1.86
2013-04-10,1.85,2.16,1.84,1.86,1678700,1.86
2013-04-09,1.78,1.78,1.73,1.77,22300,1.77
2013-04-08,1.68,1.74,1.68,1.73,66800,1.73
2013-04-05,1.63,1.67,1.60,1.65,64600,1.65
2013-04-04,1.63,1.67,1.59,1.60,82400,1.60
2013-04-03,1.60,1.69,1.60,1.63,195200,1.63
2013-04-02,1.68,1.68,1.63,1.64,184800,1.64
2013-04-01,1.70,1.70,1.62,1.64,336200,1.64
2013-03-28,1.73,1.73,1.66,1.68,159600,1.68
2013-03-27,1.70,1.73,1.61,1.71,130200,1.71
2013-03-26,1.70,1.73,1.68,1.73,87300,1.73
2013-03-25,1.79,1.79,1.66,1.70,282700,1.70
2013-03-22,1.87,1.87,1.78,1.81,363500,1.81
2013-03-21,1.97,1.97,1.83,1.86,694700,1.86
2013-03-20,1.60,2.00,1.60,1.80,3107700,1.80
2013-03-19,3.82,3.83,3.71,3.81,65700,3.81
2013-03-18,3.74,3.85,3.66,3.77,71100,3.77
2013-03-15,3.70,3.70,3.57,3.69,127800,3.69
2013-03-14,3.83,3.84,3.58,3.60,167200,3.60
2013-03-13,3.95,3.99,3.79,3.86,169100,3.86
2013-03-12,3.94,3.94,3.65,3.87,269900,3.87
2013-03-11,3.95,3.96,3.79,3.92,112600,3.92
2013-03-08,4.03,4.08,3.99,4.03,225200,4.03
2013-03-07,4.03,4.04,3.96,4.00,232600,4.00
2013-03-06,3.95,4.00,3.88,3.96,279700,3.96
2013-03-05,3.80,3.98,3.78,3.79,291100,3.79
2013-03-04,3.65,3.76,3.55,3.70,87500,3.70
2013-03-01,3.67,3.75,3.61,3.68,91500,3.68
2013-02-28,3.72,3.78,3.63,3.66,157300,3.66
2013-02-27,3.73,3.73,3.61,3.69,76200,3.69
2013-02-26,3.75,3.75,3.56,3.67,82800,3.67
2013-02-25,3.80,3.86,3.73,3.73,115900,3.73
2013-02-22,3.63,3.75,3.63,3.69,128300,3.69
2013-02-21,3.78,3.78,3.52,3.69,126400,3.69
2013-02-20,3.92,3.97,3.76,3.85,196100,3.85
2013-02-19,4.03,4.08,3.91,3.97,177600,3.97
2013-02-15,3.95,3.96,3.85,3.94,90900,3.94
2013-02-14,4.00,4.00,3.91,3.95,67100,3.95
2013-02-13,4.04,4.04,3.86,3.99,128400,3.99
2013-02-12,4.20,4.20,3.92,4.00,222600,4.00
2013-02-11,4.16,4.29,4.06,4.12,314800,4.12
2013-02-08,3.82,3.99,3.80,3.92,159100,3.92
2013-02-07,4.01,4.01,3.71,3.88,79400,3.88
2013-02-06,4.00,4.27,3.72,3.85,522400,3.85
2013-02-05,3.85,3.94,3.59,3.94,489300,3.94
2013-02-04,4.50,4.50,3.86,3.97,780100,3.97
2013-02-01,4.75,5.10,4.63,4.75,593000,4.75
2013-01-31,4.55,4.85,4.29,4.74,311900,4.74
2013-01-30,4.40,4.71,4.25,4.55,621500,4.55
2013-01-29,4.18,4.45,4.15,4.25,380600,4.25
2013-01-28,3.97,4.15,3.82,4.00,559000,4.00
2013-01-25,3.75,3.84,3.54,3.58,179600,3.58
2013-01-24,3.60,3.83,3.50,3.72,208200,3.72
2013-01-23,3.49,3.84,3.46,3.70,152500,3.70
2013-01-22,3.50,3.61,3.33,3.45,193100,3.45
2013-01-18,3.53,3.54,3.41,3.46,64000,3.46
2013-01-17,3.43,3.53,3.35,3.53,173600,3.53
2013-01-16,3.45,3.80,3.36,3.37,789600,3.37
2013-01-15,3.30,3.42,3.12,3.35,755600,3.35
2013-01-14,2.99,2.99,2.85,2.92,86100,2.92
2013-01-11,2.88,2.97,2.88,2.94,42500,2.94
2013-01-10,2.87,2.98,2.87,2.88,73600,2.88
2013-01-09,2.86,2.89,2.78,2.86,48000,2.86
2013-01-08,2.75,2.80,2.71,2.80,54800,2.80
2013-01-07,2.83,2.95,2.71,2.73,88200,2.73
2013-01-04,2.61,2.79,2.59,2.67,55800,2.67
2013-01-03,2.59,2.64,2.49,2.60,20000,2.60
2013-01-02,2.64,2.66,2.57,2.65,60600,2.65
2012-12-31,2.50,2.60,2.42,2.53,100400,2.53
2012-12-28,2.41,2.58,2.40,2.47,38700,2.47
2012-12-27,2.54,2.59,2.48,2.50,28400,2.50
2012-12-26,2.59,2.71,2.54,2.54,67100,2.54
2012-12-24,2.66,2.68,2.53,2.57,46900,2.57
2012-12-21,2.64,2.67,2.61,2.65,21900,2.65
2012-12-20,2.75,2.78,2.53,2.65,64300,2.65
2012-12-19,2.83,2.83,2.71,2.78,39900,2.78
2012-12-18,2.78,2.84,2.78,2.79,29900,2.79
2012-12-17,2.87,2.87,2.76,2.81,50100,2.81
2012-12-14,2.71,2.89,2.71,2.81,68900,2.81
2012-12-13,2.76,2.80,2.61,2.75,99800,2.75
2012-12-12,2.88,2.88,2.79,2.84,56600,2.84
2012-12-11,2.80,2.94,2.75,2.89,71500,2.89
2012-12-10,2.80,2.83,2.76,2.77,28200,2.77
2012-12-07,2.98,2.98,2.81,2.83,67500,2.83
2012-12-06,2.99,3.14,2.81,3.00,113000,3.00
2012-12-05,2.90,3.10,2.90,3.05,99900,3.05
2012-12-04,2.87,3.04,2.86,2.96,183100,2.96
2012-12-03,2.73,2.92,2.68,2.75,237800,2.75
2012-11-30,2.76,2.81,2.72,2.76,34200,2.76
2012-11-29,2.72,2.77,2.65,2.68,38500,2.68
2012-11-28,2.76,2.76,2.70,2.70,10600,2.70
2012-11-27,2.80,2.81,2.76,2.76,9500,2.76
2012-11-26,2.71,2.80,2.63,2.77,52600,2.77
2012-11-23,2.62,2.64,2.52,2.60,86900,2.60
2012-11-21,2.61,2.78,2.55,2.61,33900,2.61
2012-11-20,2.60,2.65,2.55,2.63,59300,2.63
2012-11-19,2.60,2.70,2.60,2.63,30100,2.63
2012-11-16,2.56,2.69,2.51,2.69,15000,2.69
2012-11-15,2.76,2.76,2.50,2.55,39700,2.55
2012-11-14,2.80,2.83,2.61,2.61,43400,2.61
2012-11-13,2.79,2.87,2.66,2.75,25400,2.75
2012-11-12,2.95,2.95,2.85,2.85,86300,2.85
2012-11-09,2.91,3.02,2.82,2.98,100600,2.98
2012-11-08,3.12,3.30,2.95,3.02,41600,3.02
2012-11-07,3.02,3.20,2.99,3.16,66100,3.16
2012-11-06,3.08,3.08,2.95,2.97,32200,2.97
2012-11-05,3.14,3.14,2.98,3.02,65600,3.02
2012-11-02,3.06,3.10,3.03,3.03,42900,3.03
2012-11-01,3.10,3.17,3.02,3.02,30200,3.02
2012-10-31,2.99,3.22,2.99,3.16,74500,3.16
2012-10-26,3.10,3.19,3.01,3.05,42400,3.05
2012-10-25,3.10,3.27,3.08,3.17,107800,3.17
2012-10-24,3.16,3.16,3.00,3.04,24800,3.04
2012-10-23,3.20,3.20,2.92,3.02,63300,3.02
2012-10-22,3.34,3.34,3.18,3.18,22800,3.18
2012-10-19,3.22,3.36,3.15,3.24,51900,3.24
2012-10-18,3.24,3.30,3.20,3.22,36000,3.22
2012-10-17,3.22,3.30,3.21,3.25,23000,3.25
2012-10-16,3.27,3.49,3.18,3.23,365000,3.23
2012-10-15,3.05,3.22,2.97,3.05,68800,3.05
2012-10-12,3.03,3.09,2.98,3.09,20200,3.09
2012-10-11,3.14,3.15,2.95,3.06,62600,3.06
2012-10-10,3.27,3.35,3.03,3.17,204600,3.17
2012-10-09,3.30,3.65,3.25,3.35,1489700,3.35
2012-10-08,2.99,3.07,2.96,3.03,115100,3.03
2012-10-05,3.05,3.14,2.97,2.99,107300,2.99
2012-10-04,3.20,3.29,3.05,3.05,212500,3.05
2012-10-03,2.93,3.25,2.90,3.05,617900,3.05
2012-10-02,2.75,2.75,2.58,2.61,80300,2.61
2012-10-01,2.67,2.67,2.46,2.55,43100,2.55
2012-09-28,2.72,2.97,2.61,2.63,118700,2.63
2012-09-27,2.72,2.83,2.46,2.76,128100,2.76
2012-09-26,2.68,2.74,2.60,2.65,8300,2.65
2012-09-25,2.51,2.82,2.51,2.65,101300,2.65
2012-09-24,2.75,2.85,2.51,2.55,256100,2.55
2012-09-21,2.34,2.34,2.32,2.32,9100,2.32
2012-09-20,2.34,2.45,2.32,2.34,20900,2.34
2012-09-19,2.31,2.40,2.31,2.33,16500,2.33
2012-09-18,2.29,2.39,2.27,2.28,38600,2.28
2012-09-17,2.27,2.30,2.26,2.30,1300,2.30
2012-09-14,2.36,2.36,2.26,2.28,24400,2.28
2012-09-13,2.32,2.40,2.31,2.32,41500,2.32
2012-09-12,2.31,2.32,2.28,2.28,6400,2.28
2012-09-11,2.29,2.29,2.24,2.25,11500,2.25
2012-09-10,2.27,2.35,2.27,2.29,14900,2.29
2012-09-07,2.26,2.28,2.20,2.28,9000,2.28
2012-09-06,2.32,2.35,2.20,2.27,13100,2.27
2012-09-05,2.32,2.32,2.26,2.27,9600,2.27
2012-09-04,2.31,2.39,2.31,2.37,18000,2.37
2012-08-31,2.29,2.29,2.21,2.26,3900,2.26
2012-08-30,2.28,2.32,2.28,2.32,1100,2.32
2012-08-29,2.34,2.41,2.31,2.31,23100,2.31
2012-08-28,2.31,2.31,2.30,2.31,7300,2.31
2012-08-27,2.36,2.36,2.30,2.30,8200,2.30
2012-08-24,2.31,2.35,2.25,2.30,14800,2.30
2012-08-23,2.28,2.34,2.24,2.33,88600,2.33
2012-08-22,2.30,2.30,2.23,2.24,35400,2.24
2012-08-21,2.25,2.25,2.23,2.23,12700,2.23
2012-08-20,2.25,2.25,2.21,2.24,19000,2.24
2012-08-17,2.25,2.25,2.22,2.23,40700,2.23
2012-08-16,2.32,2.32,2.25,2.25,28700,2.25
2012-08-15,2.32,2.41,2.29,2.30,12500,2.30
2012-08-14,2.25,2.32,2.25,2.29,10900,2.29
2012-08-13,2.46,2.46,2.20,2.25,99100,2.25
2012-08-10,2.59,2.59,2.55,2.57,11800,2.57
2012-08-09,2.69,2.69,2.56,2.58,76400,2.58
2012-08-08,2.74,2.74,2.69,2.69,59500,2.69
2012-08-07,2.85,2.85,2.83,2.83,6100,2.83
2012-08-06,2.84,2.85,2.80,2.80,6000,2.80
2012-08-03,2.73,2.81,2.60,2.80,57700,2.80
2012-08-02,2.80,2.80,2.70,2.70,4200,2.70
2012-08-01,2.75,2.84,2.66,2.84,37300,2.84
2012-07-31,2.84,2.84,2.69,2.70,13700,2.70
2012-07-30,2.74,2.85,2.74,2.81,18100,2.81
2012-07-27,2.60,2.68,2.60,2.62,18400,2.62
2012-07-26,2.59,2.59,2.54,2.59,9300,2.59
2012-07-25,2.51,2.58,2.51,2.53,6200,2.53
2012-07-24,2.49,2.49,2.38,2.41,8600,2.41
2012-07-23,2.47,2.47,2.38,2.46,7300,2.46
2012-07-20,2.55,2.56,2.47,2.47,12700,2.47
2012-07-19,2.54,2.58,2.39,2.52,21600,2.52
2012-07-18,2.55,2.59,2.54,2.59,7400,2.59
2012-07-17,2.62,2.62,2.53,2.57,8800,2.57
2012-07-16,2.78,2.78,2.63,2.63,22400,2.63
2012-07-13,2.73,2.81,2.73,2.80,16900,2.80
2012-07-12,2.69,2.75,2.68,2.75,7500,2.75
2012-07-11,2.99,2.99,2.51,2.78,18800,2.78
2012-07-10,3.00,3.00,2.86,2.96,51800,2.96
2012-07-09,2.98,3.07,2.91,3.00,89900,3.00
2012-07-06,2.76,2.90,2.76,2.90,18800,2.90
2012-07-05,2.78,2.92,2.60,2.87,140800,2.87
2012-07-03,2.56,2.70,2.56,2.63,36500,2.63
2012-07-02,2.48,2.53,2.41,2.53,7100,2.53
2012-06-29,2.39,2.47,2.39,2.44,18500,2.44
2012-06-28,2.45,2.45,2.38,2.39,19600,2.39
2012-06-27,2.44,2.50,2.44,2.44,18200,2.44
2012-06-26,2.35,2.45,2.35,2.43,11800,2.43
2012-06-25,2.53,2.53,2.38,2.41,31000,2.41
2012-06-22,2.55,2.63,2.55,2.56,52000,2.56
2012-06-21,2.52,2.69,2.48,2.57,63600,2.57
2012-06-20,2.40,2.53,2.40,2.49,39400,2.49
2012-06-19,2.39,2.46,2.39,2.45,17200,2.45
2012-06-18,2.44,2.44,2.37,2.37,11400,2.37
2012-06-15,2.39,2.43,2.35,2.40,9100,2.40
2012-06-14,2.28,2.38,2.27,2.37,32600,2.37
2012-06-13,2.33,2.33,2.26,2.30,17600,2.30
2012-06-12,2.41,2.41,2.29,2.31,7300,2.31
2012-06-11,2.37,2.40,2.24,2.36,6300,2.36
2012-06-08,2.36,2.41,2.36,2.40,2100,2.40
2012-06-07,2.45,2.45,2.36,2.39,6400,2.39
2012-06-06,2.41,2.45,2.41,2.45,6700,2.45
2012-06-05,2.57,2.60,2.40,2.45,71200,2.45
2012-06-04,2.32,2.34,2.28,2.32,17200,2.32
2012-06-01,2.36,2.36,2.26,2.30,2200,2.30
2012-05-31,2.33,2.33,2.29,2.32,7700,2.32
2012-05-30,2.33,2.35,2.33,2.33,3300,2.33
2012-05-29,2.48,2.48,2.39,2.40,13700,2.40
2012-05-25,2.54,2.54,2.42,2.51,12100,2.51
2012-05-24,2.67,2.67,2.44,2.54,8400,2.54
2012-05-23,2.51,2.67,2.51,2.61,18700,2.61
2012-05-22,2.58,2.58,2.38,2.45,15000,2.45
2012-05-21,2.41,2.46,2.41,2.42,3200,2.42
2012-05-18,2.41,2.44,2.39,2.43,9500,2.43
2012-05-17,2.53,2.53,2.40,2.46,19000,2.46
2012-05-16,2.55,2.64,2.51,2.64,17000,2.64
2012-05-15,2.82,2.82,2.53,2.64,10300,2.64
2012-05-14,2.70,2.75,2.70,2.72,7800,2.72
2012-05-11,2.72,2.73,2.56,2.66,22000,2.66
2012-05-10,2.69,2.72,2.68,2.70,6000,2.70
2012-05-09,2.77,2.77,2.68,2.69,39100,2.69
2012-05-08,2.72,2.76,2.71,2.72,47800,2.72
2012-05-07,2.62,2.77,2.62,2.77,60700,2.77
2012-05-04,2.78,2.78,2.58,2.59,47700,2.59
2012-05-03,2.66,2.81,2.57,2.81,90100,2.81
2012-05-02,2.66,2.72,2.63,2.69,34000,2.69
2012-05-01,2.70,2.70,2.64,2.69,48000,2.69
2012-04-30,2.77,2.77,2.64,2.68,36400,2.68
2012-04-27,2.78,2.79,2.74,2.78,8400,2.78
2012-04-26,2.79,2.80,2.76,2.78,15500,2.78
2012-04-25,2.78,2.79,2.78,2.79,1400,2.79
2012-04-24,2.82,2.82,2.75,2.79,18400,2.79
2012-04-23,2.83,2.85,2.83,2.84,82800,2.84
2012-04-20,2.82,2.85,2.81,2.85,47200,2.85
2012-04-19,2.85,2.88,2.78,2.80,115500,2.80
2012-04-18,2.81,2.84,2.75,2.82,89600,2.82
2012-04-17,2.71,2.75,2.66,2.73,107900,2.73
2012-04-16,2.69,2.69,2.62,2.65,5000,2.65
2012-04-13,2.64,2.67,2.64,2.66,24100,2.66
2012-04-12,2.70,2.70,2.63,2.64,22500,2.64
2012-04-11,2.74,2.74,2.68,2.71,8900,2.71
2012-04-10,2.73,2.78,2.70,2.71,13200,2.71
2012-04-09,2.75,2.75,2.66,2.72,8500,2.72
2012-04-05,2.71,2.80,2.71,2.77,70500,2.77
2012-04-04,2.80,2.82,2.63,2.75,94700,2.75
2012-04-03,2.83,2.86,2.80,2.81,124300,2.81
2012-04-02,2.98,2.98,2.79,2.79,176200,2.79
2012-03-30,2.89,3.00,2.83,2.87,75700,2.87
2012-03-29,2.86,2.93,2.77,2.83,155700,2.83
2012-03-28,3.08,3.08,2.79,2.83,165600,2.83
2012-03-27,2.91,3.18,2.91,3.14,59400,3.14
2012-03-26,2.86,2.90,2.85,2.87,26100,2.87
2012-03-23,2.80,2.82,2.76,2.82,19900,2.82
2012-03-22,2.91,2.96,2.69,2.75,95800,2.75
2012-03-21,3.06,3.06,2.94,2.94,31200,2.94
2012-03-20,3.07,3.07,2.95,3.04,37600,3.04
2012-03-19,3.10,3.10,3.02,3.05,53800,3.05
2012-03-16,3.09,3.12,3.08,3.08,13600,3.08
2012-03-15,3.10,3.15,3.07,3.09,61200,3.09
2012-03-14,3.17,3.17,3.08,3.10,25300,3.10
2012-03-13,3.08,3.21,3.05,3.19,63300,3.19
2012-03-12,3.15,3.20,3.08,3.11,21000,3.11
2012-03-09,3.18,3.18,3.13,3.15,8900,3.15
2012-03-08,3.10,3.19,3.10,3.16,12900,3.16
2012-03-07,3.21,3.21,3.05,3.12,40900,3.12
2012-03-06,3.12,3.27,3.05,3.27,65300,3.27
2012-03-05,3.16,3.21,3.13,3.14,120900,3.14
2012-03-02,3.08,3.10,2.98,3.07,29200,3.07
2012-03-01,3.23,3.28,2.96,3.06,61400,3.06
2012-02-29,3.04,3.19,3.04,3.16,87200,3.16
2012-02-28,3.12,3.12,2.95,3.03,136500,3.03
2012-02-27,3.22,3.22,3.07,3.10,92500,3.10
2012-02-24,3.42,3.47,3.23,3.25,105100,3.25
2012-02-23,3.50,3.56,3.35,3.40,55100,3.40
2012-02-22,3.44,3.50,3.40,3.41,35200,3.41
2012-02-21,3.58,3.73,3.48,3.48,86200,3.48
2012-02-17,3.67,3.74,3.48,3.64,123600,3.64
2012-02-16,3.34,3.77,3.22,3.72,436200,3.72
2012-02-15,3.85,3.85,3.55,3.57,163400,3.57
2012-02-14,3.72,4.09,3.71,3.92,322400,3.92
2012-02-13,3.99,3.99,3.66,3.72,190600,3.72
2012-02-10,3.92,4.00,3.77,3.93,154200,3.93
2012-02-09,4.00,4.02,3.82,3.92,111000,3.92
2012-02-08,4.19,4.19,4.00,4.02,183800,4.02
2012-02-07,4.50,4.50,4.12,4.19,489300,4.19
2012-02-06,5.16,5.86,4.38,4.44,2892000,4.44
2012-02-03,4.18,4.18,4.10,4.12,56800,4.12
2012-02-02,4.29,4.49,3.93,4.05,148200,4.05
2012-02-01,4.18,4.30,3.94,4.18,165600,4.18
2012-01-31,4.00,4.20,3.90,3.98,201200,3.98
2012-01-30,4.02,4.15,3.68,3.81,178200,3.81
2012-01-27,4.18,4.30,3.82,3.96,287200,3.96
2012-01-26,4.42,4.55,3.85,4.00,732600,4.00
2012-01-25,5.72,5.74,4.60,4.78,1532700,4.78
2012-01-24,4.42,6.87,4.40,5.55,6281000,5.55
2012-01-23,3.22,3.29,3.22,3.29,9300,3.29
2012-01-20,3.10,3.10,3.10,3.10,000,3.10
2012-01-19,3.10,3.10,3.10,3.10,300,3.10
2012-01-18,3.00,3.02,3.00,3.02,300,3.02
2012-01-17,2.93,2.93,2.93,2.93,000,2.93
2012-01-13,2.93,2.93,2.93,2.93,300,2.93
2012-01-12,2.97,3.01,2.97,3.01,200,3.01
2012-01-11,3.02,3.11,2.95,2.95,3400,2.95
2012-01-10,2.95,3.07,2.94,3.06,24600,3.06
2012-01-09,2.96,3.07,2.90,2.96,9800,2.96
2012-01-06,2.90,3.03,2.84,2.95,62700,2.95
2012-01-05,2.95,3.14,2.90,2.90,52500,2.90
2012-01-04,3.11,3.11,2.68,2.97,3300,2.97
2012-01-03,3.07,3.20,3.04,3.16,39100,3.16
2011-12-30,3.17,3.17,3.17,3.17,000,3.17
2011-12-29,3.16,3.17,3.16,3.17,500,3.17
2011-12-28,3.01,3.01,3.01,3.01,000,3.01
2011-12-27,3.03,3.03,3.01,3.01,400,3.01
2011-12-23,3.38,3.38,3.38,3.38,000,3.38
2011-12-22,3.38,3.38,3.38,3.38,000,3.38
2011-12-21,3.38,3.38,3.38,3.38,200,3.38
2011-12-20,3.27,3.27,3.27,3.27,000,3.27
2011-12-19,3.27,3.27,3.27,3.27,000,3.27
2011-12-16,3.27,3.27,3.27,3.27,000,3.27
2011-12-15,3.27,3.27,3.27,3.27,000,3.27
2011-12-14,3.27,3.27,3.27,3.27,000,3.27
2011-12-13,3.27,3.27,3.27,3.27,500,3.27
2011-12-12,3.18,3.18,3.18,3.18,000,3.18
2011-12-09,3.18,3.18,3.18,3.18,000,3.18
2011-12-08,3.18,3.18,3.18,3.18,000,3.18
2011-12-07,3.18,3.18,3.18,3.18,000,3.18
2011-12-06,3.18,3.18,3.18,3.18,000,3.18
2011-12-05,3.18,3.18,3.18,3.18,700,3.18
2011-12-02,3.08,3.08,3.08,3.08,000,3.08
2011-12-01,3.08,3.08,3.08,3.08,000,3.08
2011-11-30,3.04,3.08,3.04,3.08,500,3.08
2011-11-29,3.20,3.20,3.20,3.20,000,3.20
2011-11-28,3.20,3.20,3.20,3.20,000,3.20
2011-11-25,3.20,3.20,3.20,3.20,200,3.20
2011-11-23,3.21,3.21,3.21,3.21,200,3.21
2011-11-22,3.35,3.35,3.35,3.35,000,3.35
2011-11-21,3.35,3.35,3.35,3.35,100,3.35
2011-11-18,3.47,3.47,3.47,3.47,000,3.47
2011-11-17,3.47,3.47,3.47,3.47,000,3.47
2011-11-16,3.47,3.47,3.47,3.47,000,3.47
2011-11-15,3.47,3.47,3.47,3.47,000,3.47
2011-11-14,3.47,3.47,3.47,3.47,1000,3.47
2011-11-11,3.30,3.30,3.30,3.30,000,3.30
2011-11-10,3.30,3.30,3.30,3.30,000,3.30
2011-11-09,3.66,3.66,3.30,3.30,2700,3.30
2011-11-08,3.76,3.76,3.76,3.76,000,3.76
2011-11-07,3.76,3.76,3.76,3.76,000,3.76
2011-11-04,3.84,3.84,3.76,3.76,400,3.76
2011-11-03,3.96,3.96,3.96,3.96,000,3.96
2011-11-02,3.60,3.98,3.60,3.96,2000,3.96
2011-11-01,3.68,3.87,3.60,3.87,1700,3.87
2011-10-31,4.36,4.36,4.21,4.21,400,4.21
2011-10-28,4.00,4.00,4.00,4.00,000,4.00
2011-10-27,3.94,4.00,3.94,4.00,2700,4.00
2011-10-26,3.90,3.90,3.90,3.90,200,3.90
2011-10-25,3.81,3.94,3.81,3.94,3100,3.94
2011-10-24,3.74,3.74,3.69,3.69,800,3.69
2011-10-21,3.76,3.76,3.74,3.74,600,3.74
2011-10-20,3.73,3.73,3.73,3.73,000,3.73
2011-10-19,3.73,3.73,3.73,3.73,000,3.73
2011-10-18,3.73,3.73,3.73,3.73,000,3.73
2011-10-17,3.41,3.73,3.41,3.73,1000,3.73
2011-10-14,3.34,3.34,3.34,3.34,300,3.34
2011-10-13,3.56,3.56,3.56,3.56,000,3.56
2011-10-12,3.56,3.56,3.56,3.56,100,3.56
2011-10-11,3.53,3.53,3.39,3.40,1600,3.40
2011-10-10,3.45,3.45,3.42,3.42,2100,3.42
2011-10-07,3.62,3.62,3.31,3.42,2400,3.42
2011-10-06,3.58,3.58,3.58,3.58,100,3.58
2011-10-05,3.38,3.47,3.27,3.43,2500,3.43
2011-10-04,3.16,3.22,3.12,3.17,5300,3.17
2011-10-03,2.97,3.08,2.53,2.85,20500,2.85
2011-09-30,2.87,2.89,2.87,2.89,700,2.89
2011-09-29,3.04,3.04,3.04,3.04,000,3.04
2011-09-28,3.08,3.20,2.90,3.04,2000,3.04
2011-09-27,3.24,3.38,3.20,3.20,900,3.20
2011-09-26,3.38,3.38,3.03,3.18,4800,3.18
2011-09-23,3.45,3.45,3.45,3.45,200,3.45
2011-09-22,3.49,3.49,3.49,3.49,000,3.49
2011-09-21,3.58,3.58,3.49,3.49,5200,3.49
2011-09-20,3.48,3.90,3.42,3.61,15200,3.61
2011-09-19,3.48,3.56,3.35,3.35,2600,3.35
2011-09-16,3.25,3.53,3.24,3.38,3000,3.38
2011-09-15,3.23,3.38,3.02,3.21,13000,3.21
2011-09-14,3.55,3.59,3.38,3.38,31200,3.38
2011-09-13,3.29,4.77,3.06,3.80,74100,3.80
2011-09-12,3.20,3.20,2.75,2.75,700,2.75
2011-09-09,3.94,3.94,3.94,3.94,000,3.94
2011-09-08,3.94,3.94,3.94,3.94,200,3.94
2011-09-07,3.20,4.95,3.00,3.70,4900,3.70
2011-09-06,4.00,4.00,4.00,4.00,000,4.00
2011-09-02,4.00,4.00,4.00,4.00,100,4.00
2011-09-01,3.99,3.99,3.99,3.99,000,3.99
2011-08-31,3.99,3.99,3.99,3.99,000,3.99
2011-08-30,3.70,3.99,3.70,3.99,400,3.99
2011-08-29,3.51,3.51,3.51,3.51,000,3.51
2011-08-26,3.51,3.51,3.51,3.51,000,3.51
2011-08-25,3.51,3.51,3.51,3.51,000,3.51
2011-08-24,3.51,3.51,3.51,3.51,000,3.51
2011-08-23,3.51,3.51,3.51,3.51,000,3.51
2011-08-22,3.51,3.51,3.51,3.51,000,3.51
2011-08-19,3.51,3.51,3.51,3.51,000,3.51
2011-08-18,3.51,3.51,3.51,3.51,000,3.51
2011-08-17,3.51,3.51,3.51,3.51,000,3.51
2011-08-16,3.54,3.54,3.51,3.51,400,3.51
2011-08-15,3.54,3.54,3.54,3.54,700,3.54
2011-08-12,3.53,3.53,3.53,3.53,200,3.53
2011-08-11,4.00,4.00,3.89,3.89,2900,3.89
2011-08-10,4.06,4.06,4.06,4.06,000,4.06
2011-08-09,4.10,4.10,3.00,4.06,6000,4.06
2011-08-08,4.15,4.15,4.15,4.15,500,4.15
2011-08-05,4.50,4.50,4.50,4.50,1000,4.50
2011-08-04,4.50,4.50,4.42,4.45,400,4.45
2011-08-03,4.80,4.80,4.70,4.70,200,4.70
2011-08-02,4.95,4.95,4.85,4.85,400,4.85
2011-08-01,5.24,5.44,5.24,5.44,4200,5.44
2011-07-29,5.24,5.24,5.19,5.24,600,5.24
2011-07-28,4.90,4.90,4.74,4.74,200,4.74
2011-07-27,5.01,5.03,5.00,5.03,1600,5.03
