Date,Open,High,Low,Close,Volume,Adj Close
2015-02-13,0.34,0.35,0.33,0.33,19600,3.30
2015-02-12,0.39,0.39,0.33,0.33,40200,3.30
2015-02-11,0.38,0.41,0.36,0.38,62500,3.80
2015-02-10,0.35,0.38,0.35,0.37,7800,3.70
2015-02-09,0.36,0.37,0.35,0.37,44900,3.70
2015-02-06,0.37,0.37,0.34,0.36,14000,3.60
2015-02-05,0.33,0.37,0.33,0.36,35000,3.60
2015-02-04,0.32,0.34,0.32,0.33,22100,3.30
2015-02-03,0.32,0.33,0.32,0.32,5700,3.20
2015-02-02,0.32,0.35,0.32,0.33,14800,3.30
2015-01-30,0.32,0.34,0.32,0.34,26000,3.40
2015-01-29,0.35,0.35,0.32,0.32,33600,3.20
2015-01-28,0.35,0.35,0.32,0.35,22900,3.50
2015-01-27,0.36,0.36,0.33,0.35,34200,3.50
2015-01-26,0.36,0.38,0.34,0.36,39800,3.60
2015-01-23,0.33,0.38,0.32,0.37,132500,3.70
2015-01-22,0.34,0.34,0.31,0.33,23900,3.30
2015-01-21,0.31,0.34,0.31,0.34,43400,3.40
2015-01-20,0.31,0.32,0.31,0.32,15800,3.20
2015-01-16,0.31,0.32,0.30,0.31,27900,3.10
2015-01-15,0.31,0.33,0.31,0.31,17300,3.10
2015-01-14,0.33,0.33,0.31,0.32,25700,3.20
2015-01-13,0.32,0.33,0.32,0.32,36300,3.20
2015-01-12,0.30,0.33,0.30,0.31,15500,3.10
2015-01-09,0.31,0.33,0.30,0.30,29800,3.00
2015-01-08,0.33,0.33,0.31,0.31,5000,3.10
2015-01-07,0.31,0.33,0.31,0.32,4400,3.20
2015-01-06,0.32,0.34,0.31,0.31,12500,3.10
2015-01-05,0.33,0.33,0.31,0.31,2200,3.10
2015-01-02,0.32,0.34,0.31,0.31,55000,3.10
2014-12-31,0.31,0.33,0.31,0.31,37200,3.10
2014-12-30,0.30,0.32,0.30,0.30,20600,3.00
2014-12-29,0.30,0.33,0.30,0.31,62400,3.10
2014-12-26,0.30,0.32,0.30,0.30,36600,3.00
2014-12-24,0.30,0.32,0.30,0.32,11900,3.20
2014-12-23,0.31,0.33,0.31,0.32,50700,3.20
2014-12-22,0.30,0.33,0.30,0.32,29600,3.20
2014-12-19,0.32,0.33,0.29,0.29,29600,2.90
2014-12-18,0.32,0.33,0.31,0.33,99600,3.30
2014-12-17,0.32,0.33,0.31,0.32,78500,3.20
2014-12-16,0.31,0.32,0.30,0.32,24400,3.20
2014-12-15,0.31,0.32,0.30,0.30,22500,3.00
2014-12-12,0.31,0.31,0.30,0.31,42500,3.10
2014-12-11,0.29,0.32,0.29,0.31,50100,3.10
2014-12-10,0.29,0.31,0.29,0.29,45100,2.90
2014-12-09,0.31,0.31,0.30,0.30,59400,3.00
2014-12-08,0.33,0.33,0.30,0.30,58400,3.00
2014-12-05,0.32,0.32,0.31,0.31,38100,3.10
2014-12-04,0.33,0.33,0.31,0.32,43800,3.20
2014-12-03,0.32,0.32,0.31,0.32,56500,3.20
2014-12-02,0.33,0.34,0.31,0.32,56800,3.20
2014-12-01,0.35,0.35,0.32,0.32,26600,3.20
2014-11-28,0.32,0.35,0.32,0.34,25900,3.40
2014-11-26,0.32,0.32,0.31,0.32,33700,3.20
2014-11-25,0.32,0.32,0.31,0.32,47800,3.20
2014-11-24,0.34,0.34,0.32,0.32,48500,3.20
2014-11-21,0.34,0.34,0.32,0.32,123900,3.20
2014-11-20,0.33,0.34,0.32,0.33,79200,3.30
2014-11-19,0.34,0.35,0.32,0.32,62200,3.20
2014-11-18,0.34,0.35,0.32,0.32,85200,3.20
2014-11-17,0.37,0.38,0.33,0.34,82200,3.40
2014-11-14,0.36,0.37,0.35,0.35,28600,3.50
2014-11-13,0.35,0.38,0.35,0.35,54600,3.50
2014-11-12,0.35,0.37,0.35,0.36,28000,3.60
2014-11-11,0.35,0.37,0.33,0.36,30000,3.60
2014-11-10,0.32,0.36,0.32,0.35,28800,3.50
2014-11-07,0.34,0.35,0.33,0.34,33000,3.40
2014-11-06,0.34,0.35,0.32,0.32,50100,3.20
2014-11-05,0.33,0.35,0.33,0.33,53200,3.30
2014-11-04,0.33,0.34,0.33,0.34,38500,3.40
2014-11-03,0.35,0.41,0.33,0.34,85500,3.40
2014-10-31,0.37,0.42,0.32,0.42,173500,4.20
2014-10-30,0.39,0.40,0.37,0.37,29000,3.70
2014-10-29,0.37,0.42,0.37,0.39,120100,3.90
2014-10-28,0.39,0.39,0.37,0.37,12700,3.70
2014-10-27,0.39,0.39,0.37,0.37,18300,3.70
2014-10-24,0.39,0.39,0.37,0.38,8900,3.80
2014-10-23,0.37,0.39,0.37,0.37,46800,3.70
2014-10-22,0.38,0.39,0.37,0.38,57400,3.80
2014-10-21,0.35,0.38,0.35,0.38,62400,3.80
2014-10-20,0.34,0.37,0.34,0.35,155200,3.50
2014-10-17,0.35,0.35,0.33,0.34,26400,3.40
2014-10-16,0.32,0.34,0.31,0.34,66300,3.40
2014-10-15,0.31,0.32,0.28,0.32,59400,3.20
2014-10-14,0.30,0.31,0.30,0.30,32600,3.00
2014-10-13,0.31,0.32,0.30,0.30,29800,3.00
2014-10-10,0.31,0.33,0.31,0.31,39000,3.10
2014-10-09,0.32,0.34,0.31,0.31,15000,3.10
2014-10-08,0.34,0.34,0.31,0.31,99400,3.10
2014-10-07,0.33,0.34,0.32,0.33,25500,3.30
2014-10-06,0.34,0.34,0.33,0.33,8700,3.30
2014-10-03,0.35,0.35,0.33,0.33,54300,3.30
2014-10-02,0.35,0.35,0.34,0.34,48300,3.40
2014-10-01,0.38,0.38,0.34,0.34,74200,3.40
2014-09-30,0.39,0.39,0.34,0.35,153500,3.50
2014-09-29,0.42,0.44,0.37,0.37,202500,3.70
2014-09-26,0.37,0.37,0.34,0.35,6500,3.50
2014-09-25,0.37,0.37,0.35,0.36,8100,3.60
2014-09-24,0.36,0.37,0.34,0.36,13400,3.60
2014-09-23,0.37,0.37,0.35,0.35,25700,3.50
2014-09-22,0.39,0.40,0.37,0.37,40000,3.70
2014-09-19,0.35,0.38,0.35,0.38,16700,3.80
2014-09-18,0.36,0.37,0.34,0.36,11000,3.60
2014-09-17,0.37,0.37,0.32,0.34,15000,3.40
2014-09-16,0.34,0.42,0.33,0.36,49200,3.60
2014-09-15,0.34,0.35,0.31,0.32,16700,3.20
2014-09-12,0.30,0.32,0.30,0.31,9700,3.10
2014-09-11,0.34,0.35,0.31,0.31,16500,3.10
2014-09-10,0.34,0.34,0.32,0.34,16700,3.40
2014-09-09,0.32,0.34,0.31,0.33,13600,3.30
2014-09-08,0.35,0.35,0.33,0.33,9400,3.30
2014-09-05,0.35,0.35,0.34,0.34,14800,3.40
2014-09-04,0.34,0.39,0.34,0.34,8200,3.40
2014-09-03,0.35,0.38,0.33,0.35,7600,3.50
2014-09-02,0.38,0.39,0.31,0.33,13000,3.30
2014-08-29,0.36,0.40,0.35,0.38,37600,3.80
2014-08-28,0.37,0.38,0.34,0.37,25500,3.70
2014-08-27,0.35,0.37,0.33,0.37,10800,3.70
2014-08-26,0.34,0.35,0.32,0.34,15400,3.40
2014-08-25,0.37,0.37,0.33,0.35,7500,3.50
2014-08-22,0.33,0.36,0.32,0.36,17700,3.60
2014-08-21,0.31,0.33,0.31,0.32,13200,3.20
2014-08-20,0.31,0.32,0.30,0.31,10400,3.10
2014-08-19,0.31,0.33,0.30,0.31,12700,3.10
2014-08-18,0.33,0.34,0.32,0.32,15100,3.20
2014-08-15,0.35,0.35,0.31,0.32,11000,3.20
2014-08-14,0.36,0.39,0.33,0.34,18800,3.40
2014-08-13,0.37,0.37,0.35,0.36,6800,3.60
2014-08-12,0.37,0.39,0.36,0.39,9500,3.90
2014-08-11,0.36,0.38,0.36,0.38,6400,3.80
2014-08-08,0.36,0.37,0.35,0.36,10500,3.60
2014-08-07,0.37,0.37,0.36,0.36,8200,3.60
2014-08-06,0.37,0.38,0.36,0.37,2800,3.70
2014-08-05,0.36,0.39,0.36,0.36,12500,3.60
2014-08-04,0.40,0.40,0.36,0.38,28200,3.80
2014-08-01,0.45,0.45,0.38,0.40,36100,4.00
2014-07-31,0.40,0.45,0.38,0.44,47400,4.40
2014-07-30,0.40,0.41,0.39,0.41,11100,4.10
2014-07-29,0.40,0.40,0.39,0.39,21100,3.90
2014-07-28,0.41,0.41,0.40,0.40,11400,4.00
2014-07-25,0.40,0.42,0.40,0.41,9600,4.10
2014-07-24,0.41,0.43,0.41,0.41,18700,4.10
2014-07-23,0.41,0.43,0.41,0.42,12100,4.20
2014-07-22,0.42,0.42,0.41,0.41,4100,4.10
2014-07-21,0.41,0.43,0.41,0.41,10700,4.10
2014-07-18,0.41,0.42,0.41,0.41,14200,4.10
2014-07-17,0.44,0.44,0.42,0.42,15700,4.20
2014-07-16,0.41,0.45,0.41,0.44,73900,4.40
2014-07-15,0.41,0.42,0.41,0.41,16000,4.10
2014-07-14,0.42,0.43,0.41,0.41,10700,4.10
2014-07-11,0.42,0.44,0.41,0.41,25000,4.10
2014-07-10,0.42,0.44,0.42,0.42,8000,4.20
2014-07-09,0.42,0.46,0.42,0.44,55900,4.40
2014-07-08,0.44,0.46,0.42,0.42,22600,4.20
2014-07-07,0.44,0.46,0.42,0.42,17200,4.20
2014-07-03,0.45,0.45,0.43,0.43,6600,4.30
2014-07-02,0.41,0.45,0.41,0.43,17700,4.30
2014-07-01,0.42,0.47,0.42,0.42,14500,4.20
2014-06-30,0.42,0.44,0.41,0.43,18000,4.30
2014-06-27,0.46,0.48,0.40,0.40,63600,4.00
2014-06-26,0.43,0.45,0.43,0.44,8200,4.40
2014-06-25,0.45,0.46,0.44,0.45,13500,4.50
2014-06-24,0.46,0.46,0.44,0.44,5600,4.40
2014-06-23,0.45,0.46,0.44,0.45,6200,4.50
2014-06-20,0.47,0.48,0.45,0.45,3600,4.50
2014-06-19,0.45,0.49,0.45,0.47,9400,4.70
2014-06-18,0.45,0.49,0.44,0.46,9300,4.60
2014-06-17,0.46,0.49,0.44,0.46,8100,4.60
2014-06-16,0.51,0.51,0.48,0.49,12700,4.90
2014-06-13,0.50,0.51,0.48,0.49,5800,4.90
2014-06-12,0.50,0.50,0.48,0.49,17700,4.90
2014-06-11,0.49,0.49,0.46,0.48,13500,4.80
2014-06-10,0.48,0.52,0.45,0.46,13100,4.60
2014-06-09,0.43,0.54,0.43,0.44,39900,4.40
2014-06-06,0.45,0.45,0.42,0.43,17300,4.30
2014-06-05,0.43,0.44,0.42,0.43,9900,4.30
2014-06-04,0.43,0.45,0.42,0.42,5400,4.20
2014-06-03,0.44,0.46,0.43,0.44,13700,4.40
2014-06-02,0.46,0.47,0.43,0.44,10500,4.40
2014-05-30,0.43,0.48,0.43,0.47,15400,4.70
2014-05-29,0.47,0.49,0.43,0.45,26500,4.50
2014-05-28,0.52,0.52,0.47,0.49,32600,4.90
2014-05-27,0.46,0.54,0.44,0.50,140400,5.00
2014-05-23,0.43,0.47,0.42,0.46,63000,4.60
2014-05-22,0.43,0.44,0.42,0.42,6600,4.20
2014-05-21,0.43,0.45,0.41,0.44,23400,4.40
2014-05-20,0.44,0.45,0.42,0.42,31800,4.20
2014-05-19,0.45,0.45,0.41,0.44,36600,4.40
2014-05-16,0.47,0.47,0.45,0.45,30900,4.50
2014-05-15,0.45,0.49,0.45,0.46,17600,4.60
2014-05-14,0.46,0.50,0.46,0.46,42900,4.60
2014-05-13,0.46,0.51,0.46,0.49,34700,4.90
2014-05-12,0.50,0.50,0.46,0.46,6700,4.60
2014-05-09,0.47,0.49,0.46,0.46,17500,4.60
2014-05-08,0.48,0.51,0.46,0.47,37300,4.70
2014-05-07,0.53,0.53,0.46,0.50,71500,5.00
2014-05-06,0.55,0.56,0.53,0.54,30000,5.40
2014-05-05,0.52,0.58,0.51,0.52,31600,5.20
2014-05-02,0.54,0.56,0.51,0.52,49200,5.20
2014-05-01,0.63,0.64,0.55,0.58,25000,5.80
2014-04-30,0.82,0.82,0.59,0.60,238200,6.00
2014-04-29,0.81,0.85,0.81,0.84,4000,8.40
2014-04-28,0.84,0.86,0.81,0.81,10100,8.10
2014-04-25,0.85,0.91,0.83,0.83,6800,8.30
2014-04-24,0.87,0.88,0.83,0.86,3900,8.60
2014-04-23,0.87,0.91,0.84,0.85,18600,8.50
2014-04-22,0.86,0.86,0.81,0.85,23000,8.50
2014-04-21,0.81,0.85,0.80,0.85,22300,8.50
2014-04-17,0.84,0.85,0.80,0.84,27200,8.40
2014-04-16,0.83,0.86,0.83,0.84,1300,8.40
2014-04-15,0.82,0.86,0.82,0.82,4500,8.20
2014-04-14,0.83,0.85,0.82,0.82,5700,8.20
2014-04-11,0.87,0.87,0.82,0.83,3600,8.30
2014-04-10,0.87,0.89,0.82,0.83,8000,8.30
2014-04-09,0.84,0.89,0.84,0.86,6200,8.60
2014-04-08,0.83,0.87,0.83,0.86,11600,8.60
2014-04-07,0.84,0.88,0.83,0.84,5300,8.40
2014-04-04,0.87,0.88,0.82,0.85,40700,8.50
2014-04-03,0.88,0.89,0.85,0.86,5300,8.60
2014-04-02,0.87,0.89,0.86,0.87,8500,8.70
2014-04-01,0.88,0.90,0.85,0.86,13700,8.60
2014-03-31,0.86,0.89,0.84,0.87,13300,8.70
2014-03-28,0.84,0.87,0.84,0.84,7400,8.40
2014-03-27,0.84,0.90,0.84,0.84,9100,8.40
2014-03-26,0.92,0.92,0.84,0.85,50800,8.50
2014-03-25,0.90,0.91,0.87,0.91,33100,9.10
2014-03-24,0.91,0.91,0.88,0.88,22400,8.80
2014-03-21,0.93,0.94,0.90,0.90,41300,9.00
2014-03-20,0.91,0.93,0.90,0.93,17100,9.30
2014-03-19,0.93,0.93,0.90,0.92,7200,9.20
2014-03-18,0.93,0.94,0.90,0.94,26700,9.40
2014-03-17,0.91,0.93,0.90,0.92,33000,9.20
2014-03-14,0.91,0.93,0.90,0.92,41000,9.20
2014-03-13,0.95,0.95,0.88,0.90,97200,9.00
2014-03-12,0.96,0.96,0.91,0.91,28600,9.10
2014-03-11,0.96,0.98,0.90,0.92,28300,9.20
2014-03-10,0.93,1.01,0.93,0.96,104200,9.60
2014-03-07,0.88,0.94,0.88,0.92,52900,9.20
2014-03-06,0.88,0.88,0.87,0.88,7700,8.80
2014-03-05,0.89,0.92,0.87,0.87,9300,8.70
2014-03-04,0.93,0.93,0.88,0.89,32400,8.90
2014-03-03,0.90,0.92,0.90,0.92,11700,9.20
2014-02-28,0.94,0.95,0.91,0.92,17500,9.20
2014-02-27,0.92,0.95,0.92,0.93,16500,9.30
2014-02-26,0.89,0.93,0.88,0.92,61700,9.20
2014-02-25,0.85,0.88,0.85,0.87,33300,8.70
2014-02-24,0.89,0.89,0.84,0.85,72400,8.50
2014-02-21,0.84,0.85,0.82,0.84,9200,8.40
2014-02-20,0.83,0.84,0.82,0.82,32300,8.20
2014-02-19,0.88,0.88,0.83,0.83,49400,8.30
2014-02-18,0.90,0.90,0.85,0.88,43800,8.80
2014-02-14,0.83,0.87,0.83,0.87,30200,8.70
2014-02-13,0.84,0.85,0.83,0.83,21400,8.30
2014-02-12,0.84,0.85,0.82,0.84,21000,8.40
2014-02-11,0.82,0.85,0.81,0.83,26600,8.30
2014-02-10,0.81,0.85,0.81,0.82,40300,8.20
2014-02-07,0.88,0.88,0.81,0.83,70500,8.30
2014-02-06,0.86,0.86,0.83,0.83,46400,8.30
2014-02-05,0.90,0.91,0.83,0.83,353400,8.30
2014-02-04,0.93,0.94,0.90,0.91,35200,9.10
2014-02-03,1.00,1.00,0.93,0.93,105000,9.30
2014-01-31,1.17,1.17,0.96,1.00,202700,10.00
2014-01-30,1.21,1.21,1.17,1.19,24700,11.90
2014-01-29,1.19,1.20,1.17,1.17,19500,11.70
2014-01-28,1.21,1.22,1.17,1.18,46000,11.80
2014-01-27,1.22,1.22,1.15,1.16,19100,11.60
2014-01-24,1.19,1.20,1.16,1.20,13600,12.00
2014-01-23,1.18,1.20,1.18,1.19,9500,11.90
2014-01-22,1.21,1.22,1.17,1.18,29900,11.80
2014-01-21,1.21,1.24,1.19,1.19,39100,11.90
2014-01-17,1.24,1.24,1.18,1.21,42000,12.10
2014-01-16,1.27,1.27,1.19,1.20,56500,12.00
2014-01-15,1.26,1.29,1.24,1.27,41000,12.70
2014-01-14,1.22,1.26,1.22,1.24,50200,12.40
2014-01-13,1.25,1.26,1.21,1.21,21000,12.10
2014-01-10,1.22,1.26,1.21,1.23,14200,12.30
2014-01-09,1.23,1.25,1.21,1.21,17000,12.10
2014-01-08,1.23,1.27,1.22,1.23,22500,12.30
2014-01-07,1.21,1.24,1.21,1.22,12300,12.20
2014-01-06,1.23,1.26,1.20,1.21,37200,12.10
2014-01-03,1.19,1.22,1.18,1.22,13100,12.20
2014-01-02,1.19,1.23,1.17,1.20,56100,12.00
2013-12-31,1.23,1.23,1.16,1.20,50100,12.00
2013-12-30,1.17,1.23,1.17,1.19,26000,11.90
2013-12-27,1.24,1.24,1.17,1.19,20800,11.90
2013-12-26,1.20,1.22,1.18,1.21,39300,12.10
2013-12-24,1.20,1.24,1.19,1.20,12400,12.00
2013-12-23,1.24,1.25,1.20,1.22,13700,12.20
2013-12-20,1.18,1.25,1.18,1.24,35300,12.40
2013-12-19,1.17,1.22,1.15,1.20,5600,12.00
2013-12-18,1.20,1.23,1.18,1.20,6700,12.00
2013-12-17,1.20,1.22,1.18,1.20,11500,12.00
2013-12-16,1.21,1.28,1.20,1.21,33700,12.10
2013-12-13,1.21,1.25,1.19,1.22,20200,12.20
2013-12-12,1.20,1.23,1.19,1.19,5500,11.90
2013-12-11,1.24,1.28,1.20,1.20,8600,12.00
2013-12-10,1.30,1.30,1.24,1.24,5200,12.40
2013-12-09,1.29,1.31,1.21,1.28,28800,12.80
2013-12-06,1.28,1.32,1.26,1.29,17100,12.90
2013-12-05,1.36,1.36,1.29,1.30,25300,13.00
2013-12-04,1.35,1.36,1.32,1.36,18600,13.60
2013-12-03,1.31,1.33,1.30,1.32,42500,13.20
2013-12-02,1.32,1.36,1.31,1.34,57300,13.40
2013-11-29,1.33,1.39,1.32,1.36,44200,13.60
2013-11-27,1.29,1.31,1.25,1.30,90800,13.00
2013-11-26,1.24,1.29,1.22,1.28,37600,12.80
2013-11-25,1.24,1.29,1.23,1.26,25700,12.60
2013-11-22,1.22,1.25,1.20,1.23,61000,12.30
2013-11-21,1.18,1.25,1.14,1.18,56100,11.80
2013-11-20,1.18,1.19,1.14,1.17,54500,11.70
2013-11-19,1.21,1.22,1.14,1.18,29800,11.80
2013-11-18,1.29,1.32,1.16,1.20,79300,12.00
2013-11-15,1.16,1.20,1.14,1.18,36200,11.80
2013-11-14,1.15,1.20,1.13,1.16,38500,11.60
2013-11-13,1.09,1.25,1.09,1.14,43500,11.40
2013-11-12,1.12,1.13,1.08,1.10,34700,11.00
2013-11-11,1.07,1.09,1.07,1.09,21700,10.90
2013-11-08,1.10,1.15,1.06,1.10,23100,11.00
2013-11-07,1.04,1.11,1.02,1.10,729800,11.00
2013-11-06,1.16,1.28,1.15,1.25,38200,12.50
2013-11-05,1.16,1.20,1.15,1.20,25700,12.00
2013-11-04,1.20,1.25,1.15,1.17,33100,11.70
2013-11-01,1.29,1.29,1.23,1.24,18400,12.40
2013-10-31,1.33,1.36,1.28,1.31,4900,13.10
2013-10-30,1.32,1.38,1.28,1.36,11800,13.60
2013-10-29,1.37,1.45,1.32,1.42,20300,14.20
2013-10-28,1.32,1.37,1.30,1.30,5300,13.00
2013-10-25,1.30,1.35,1.30,1.32,2900,13.20
2013-10-24,1.38,1.38,1.29,1.32,13800,13.20
2013-10-23,1.36,1.38,1.35,1.35,1600,13.50
2013-10-22,1.36,1.41,1.35,1.37,8800,13.70
2013-10-21,1.38,1.38,1.33,1.33,2400,13.30
2013-10-18,1.38,1.38,1.31,1.36,1900,13.60
2013-10-17,1.22,1.39,1.22,1.35,15600,13.50
2013-10-16,1.23,1.26,1.20,1.26,7600,12.60
2013-10-15,1.21,1.26,1.21,1.22,5600,12.20
2013-10-14,1.21,1.26,1.21,1.23,6700,12.30
2013-10-11,1.29,1.29,1.24,1.25,3200,12.50
2013-10-10,1.26,1.29,1.26,1.27,900,12.70
2013-10-09,1.25,1.30,1.23,1.25,7400,12.50
2013-10-08,1.34,1.34,1.22,1.27,13800,12.70
2013-10-07,1.33,1.34,1.29,1.31,5800,13.10
2013-10-04,1.24,1.33,1.23,1.31,23800,13.10
2013-10-03,1.20,1.24,1.20,1.22,4100,12.20
2013-10-02,1.20,1.24,1.20,1.23,4600,12.30
2013-10-01,1.22,1.25,1.21,1.22,1700,12.20
2013-09-30,1.22,1.24,1.20,1.24,5400,12.40
2013-09-27,1.25,1.25,1.23,1.23,1400,12.30
2013-09-26,1.21,1.25,1.21,1.24,1000,12.40
2013-09-25,1.23,1.24,1.19,1.23,8400,12.30
2013-09-24,1.21,1.25,1.21,1.21,4800,12.10
2013-09-23,1.25,1.25,1.21,1.21,3200,12.10
2013-09-20,1.23,1.27,1.22,1.26,7700,12.60
2013-09-19,1.22,1.27,1.22,1.23,1800,12.30
2013-09-18,1.25,1.28,1.22,1.23,3200,12.30
2013-09-17,1.24,1.30,1.24,1.27,2500,12.70
2013-09-16,1.23,1.28,1.20,1.23,3300,12.30
2013-09-13,1.24,1.29,1.24,1.25,2300,12.50
2013-09-12,1.29,1.31,1.25,1.25,4300,12.50
2013-09-11,1.31,1.32,1.27,1.31,5300,13.10
2013-09-10,1.25,1.34,1.25,1.34,2300,13.40
2013-09-09,1.36,1.36,1.24,1.31,6100,13.10
2013-09-06,1.33,1.41,1.23,1.35,21800,13.50
2013-09-05,1.26,1.33,1.25,1.31,8900,13.10
2013-09-04,1.22,1.28,1.19,1.26,11300,12.60
2013-09-03,1.23,1.25,1.16,1.22,13500,12.20
2013-08-30,1.18,1.24,1.18,1.23,5300,12.30
2013-08-29,1.21,1.25,1.12,1.20,17800,12.00
2013-08-28,1.20,1.24,1.16,1.24,14400,12.40
2013-08-27,1.21,1.24,1.15,1.19,22000,11.90
2013-08-26,1.25,1.25,1.21,1.21,16800,12.10
2013-08-23,1.29,1.29,1.26,1.26,2300,12.60
2013-08-22,1.26,1.28,1.23,1.24,3300,12.40
2013-08-21,1.25,1.26,1.23,1.23,900,12.30
2013-08-20,1.25,1.26,1.24,1.26,700,12.60
2013-08-19,1.28,1.29,1.22,1.23,9800,12.30
2013-08-16,1.26,1.30,1.26,1.30,3900,13.00
2013-08-15,1.26,1.32,1.25,1.28,6800,12.80
2013-08-14,1.28,1.30,1.24,1.29,21400,12.90
2013-08-13,1.28,1.31,1.28,1.30,1600,13.00
2013-08-12,1.26,1.32,1.25,1.30,5800,13.00
2013-08-09,1.23,1.30,1.23,1.27,3600,12.70
2013-08-08,1.28,1.30,1.26,1.27,2400,12.70
2013-08-07,1.28,1.31,1.28,1.29,2500,12.90
2013-08-06,1.28,1.30,1.24,1.25,7900,12.50
2013-08-05,1.29,1.30,1.27,1.29,2300,12.90
2013-08-02,1.35,1.35,1.27,1.30,13400,13.00
2013-08-01,1.27,1.29,1.27,1.28,11100,12.80
2013-07-31,1.30,1.30,1.28,1.28,2500,12.80
2013-07-30,1.28,1.32,1.23,1.32,11700,13.20
2013-07-29,1.34,1.34,1.26,1.29,5600,12.90
2013-07-26,1.35,1.35,1.25,1.31,11100,13.10
2013-07-25,1.36,1.44,1.36,1.39,14400,13.90
2013-07-24,1.35,1.38,1.33,1.35,4200,13.50
2013-07-23,1.35,1.37,1.34,1.36,1600,13.60
2013-07-22,1.36,1.39,1.32,1.33,3000,13.30
2013-07-19,1.31,1.39,1.31,1.38,5300,13.80
2013-07-18,1.34,1.34,1.30,1.31,4200,13.10
2013-07-17,1.30,1.34,1.27,1.34,3900,13.40
2013-07-16,1.33,1.33,1.27,1.30,2600,13.00
2013-07-15,1.32,1.35,1.29,1.35,3800,13.50
2013-07-12,1.35,1.35,1.32,1.34,400,13.40
2013-07-11,1.38,1.38,1.30,1.33,2600,13.30
2013-07-10,1.34,1.35,1.30,1.32,8600,13.20
2013-07-09,1.34,1.37,1.32,1.34,3600,13.40
2013-07-08,1.39,1.40,1.33,1.35,2900,13.50
2013-07-05,1.44,1.46,1.38,1.40,4600,14.00
2013-07-03,1.37,1.46,1.37,1.46,1600,14.60
2013-07-02,1.42,1.46,1.37,1.40,3100,14.00
2013-07-01,1.48,1.48,1.35,1.44,12100,14.40
2013-06-28,1.45,1.49,1.43,1.49,21400,14.90
2013-06-27,1.41,1.46,1.36,1.45,8600,14.50
2013-06-26,1.32,1.42,1.32,1.39,4100,13.90
2013-06-25,1.34,1.34,1.30,1.31,3700,13.10
2013-06-24,1.37,1.37,1.28,1.33,7600,13.30
2013-06-21,1.35,1.40,1.35,1.38,5700,13.80
2013-06-20,1.35,1.39,1.33,1.35,4500,13.50
2013-06-19,1.40,1.41,1.33,1.38,7600,13.80
2013-06-18,1.38,1.40,1.36,1.37,2900,13.70
2013-06-17,1.35,1.44,1.35,1.39,5400,13.90
2013-06-14,1.35,1.39,1.34,1.36,5500,13.60
2013-06-13,1.37,1.41,1.31,1.34,7100,13.40
2013-06-12,1.39,1.40,1.35,1.36,6400,13.60
2013-06-11,1.43,1.43,1.38,1.42,8000,14.20
2013-06-10,1.40,1.43,1.35,1.43,9800,14.30
2013-06-07,1.26,1.39,1.25,1.38,15200,13.80
2013-06-06,1.29,1.30,1.21,1.27,5500,12.70
2013-06-05,1.15,1.28,1.15,1.28,19900,12.80
2013-06-04,1.30,1.30,1.17,1.24,36000,12.40
2013-06-03,1.34,1.37,1.28,1.31,5000,13.10
2013-05-31,1.37,1.40,1.35,1.35,3100,13.50
2013-05-30,1.34,1.37,1.27,1.34,3100,13.40
2013-05-29,1.28,1.37,1.25,1.35,5600,13.50
2013-05-28,1.37,1.40,1.34,1.34,5300,13.40
2013-05-24,1.36,1.40,1.35,1.36,3900,13.60
2013-05-23,1.37,1.40,1.36,1.38,3900,13.80
2013-05-22,1.41,1.45,1.38,1.38,8200,13.80
2013-05-21,1.45,1.45,1.40,1.42,7400,14.20
2013-05-20,1.43,1.48,1.43,1.46,10000,14.60
2013-05-17,1.43,1.51,1.40,1.51,9900,15.10
2013-05-16,1.51,1.53,1.43,1.45,11600,14.50
2013-05-15,1.55,1.55,1.48,1.48,11300,14.80
2013-05-14,1.45,1.55,1.45,1.52,5800,15.20
2013-05-13,1.43,1.49,1.40,1.48,7800,14.80
2013-05-10,1.40,1.46,1.40,1.46,20600,14.60
2013-05-09,1.46,1.49,1.40,1.47,9500,14.70
2013-05-08,1.46,1.57,1.46,1.49,12500,14.90
2013-05-07,1.51,1.56,1.49,1.51,9600,15.10
2013-05-06,1.57,1.62,1.57,1.59,4300,15.90
2013-05-03,1.52,1.62,1.50,1.62,13100,16.20
2013-05-02,1.50,1.63,1.50,1.60,39200,16.00
2013-05-01,1.63,1.65,1.53,1.58,12000,15.80
2013-04-30,1.50,1.66,1.50,1.63,16400,16.30
2013-04-29,1.51,1.54,1.45,1.51,18400,15.10
2013-04-26,1.78,1.78,1.47,1.52,83900,15.20
2013-04-25,1.94,1.99,1.89,1.89,9500,18.90
2013-04-24,1.90,1.97,1.90,1.94,6200,19.40
2013-04-23,1.96,1.96,1.86,1.91,11600,19.10
2013-04-22,1.96,1.96,1.91,1.96,3300,19.60
2013-04-19,2.00,2.00,1.91,1.96,12800,19.60
2013-04-18,1.90,1.97,1.89,1.97,7000,19.70
2013-04-17,1.99,1.99,1.86,1.93,10700,19.30
2013-04-16,1.91,2.00,1.91,1.99,10600,19.90
2013-04-15,2.03,2.11,1.89,1.92,43200,19.20
2013-04-12,1.95,2.02,1.90,2.02,40900,20.20
2013-04-11,1.87,1.93,1.87,1.93,8700,19.30
2013-04-10,1.95,1.97,1.87,1.90,8600,19.00
2013-04-09,1.92,1.95,1.81,1.93,16400,19.30
2013-04-08,1.90,1.97,1.87,1.91,5600,19.10
2013-04-05,1.90,1.94,1.86,1.92,24400,19.20
2013-04-04,1.80,1.92,1.78,1.89,25100,18.90
2013-04-03,1.77,1.78,1.67,1.72,8800,17.20
2013-04-02,1.88,1.97,1.71,1.75,33700,17.50
2013-04-01,2.00,2.00,1.81,1.90,16000,19.00
2013-03-28,1.95,2.04,1.94,2.00,42000,20.00
2013-03-27,1.78,1.92,1.74,1.92,20500,19.20
2013-03-26,1.75,1.77,1.72,1.76,8700,17.60
2013-03-25,1.75,1.75,1.68,1.71,8600,17.10
2013-03-22,1.70,1.73,1.67,1.72,13800,17.20
2013-03-21,1.69,1.72,1.66,1.70,6500,17.00
2013-03-20,1.65,1.71,1.64,1.71,5200,17.10
2013-03-19,1.66,1.68,1.64,1.67,1100,16.70
2013-03-18,1.67,1.68,1.64,1.66,1000,16.60
2013-03-15,1.67,1.69,1.59,1.68,13200,16.80
2013-03-14,1.69,1.69,1.61,1.67,4500,16.70
2013-03-13,1.71,1.71,1.64,1.67,2900,16.70
2013-03-12,1.68,1.70,1.61,1.70,6500,17.00
2013-03-11,1.69,1.69,1.61,1.68,3600,16.80
2013-03-08,1.70,1.70,1.64,1.68,4900,16.80
2013-03-07,1.66,1.70,1.65,1.69,3500,16.90
2013-03-06,1.68,1.69,1.65,1.68,3000,16.80
2013-03-05,1.65,1.70,1.61,1.64,6300,16.40
2013-03-04,1.64,1.64,1.55,1.64,7000,16.40
2013-03-01,1.74,1.74,1.63,1.64,10100,16.40
2013-02-28,1.70,1.75,1.70,1.74,5200,17.40
2013-02-27,1.68,1.75,1.68,1.74,5500,17.40
2013-02-26,1.79,1.79,1.70,1.73,6200,17.30
2013-02-25,1.80,1.80,1.72,1.74,11800,17.40
2013-02-22,1.78,1.79,1.69,1.71,12300,17.10
2013-02-21,1.76,1.82,1.75,1.81,8200,18.10
2013-02-20,1.72,1.86,1.72,1.82,7600,18.20
2013-02-19,1.70,1.80,1.60,1.75,9700,17.50
2013-02-15,1.62,1.75,1.62,1.73,7200,17.30
2013-02-14,1.62,1.71,1.54,1.67,11600,16.70
2013-02-13,1.58,1.62,1.57,1.62,3600,16.20
2013-02-12,1.54,1.61,1.54,1.61,7400,16.10
2013-02-11,1.55,1.60,1.55,1.58,4700,15.80
2013-02-08,1.55,1.60,1.50,1.60,10800,16.00
2013-02-07,1.67,1.70,1.55,1.60,9800,16.00
2013-02-06,1.70,1.71,1.65,1.71,2000,17.10
2013-02-05,1.63,1.72,1.61,1.72,1400,17.20
2013-02-04,1.58,1.67,1.55,1.66,5800,16.60
2013-02-01,1.67,1.78,1.25,1.67,44300,16.70
2013-01-31,1.84,1.88,1.82,1.82,4700,18.20
2013-01-30,1.86,1.91,1.84,1.87,5600,18.70
2013-01-29,1.95,1.96,1.85,1.88,5400,18.80
2013-01-28,2.00,2.00,1.81,1.93,19500,19.30
2013-01-25,2.00,2.00,1.88,1.95,11600,19.50
2013-01-24,1.93,1.97,1.90,1.96,11600,19.60
2013-01-23,2.00,2.00,1.88,1.93,8000,19.30
2013-01-22,1.90,1.98,1.85,1.98,9000,19.80
2013-01-18,1.87,1.95,1.84,1.92,23900,19.20
2013-01-17,1.75,1.85,1.68,1.85,25600,18.50
2013-01-16,1.77,1.77,1.67,1.72,1400,17.20
2013-01-15,1.76,1.77,1.70,1.75,4000,17.50
2013-01-14,1.74,1.77,1.68,1.74,6900,17.40
2013-01-11,1.74,1.78,1.64,1.76,3500,17.60
2013-01-10,1.77,1.77,1.71,1.76,5900,17.60
2013-01-09,1.70,1.77,1.67,1.76,18100,17.60
2013-01-08,1.69,1.70,1.67,1.70,4200,17.00
2013-01-07,1.70,1.70,1.63,1.69,6100,16.90
2013-01-04,1.69,1.70,1.62,1.67,7100,16.70
2013-01-03,1.56,1.71,1.56,1.66,5100,16.60
2013-01-02,1.64,1.69,1.56,1.61,19200,16.10
2012-12-31,1.68,1.70,1.56,1.62,5500,16.20
2012-12-28,1.65,1.71,1.60,1.67,3500,16.70
2012-12-27,1.78,1.78,1.56,1.69,10200,16.90
2012-12-26,1.75,1.78,1.71,1.76,21900,17.60
2012-12-24,1.65,1.77,1.60,1.75,15200,17.50
2012-12-21,1.54,1.70,1.52,1.68,14300,16.80
2012-12-20,1.51,1.55,1.50,1.54,5000,15.40
2012-12-19,1.50,1.55,1.48,1.53,4800,15.30
2012-12-18,1.48,1.50,1.47,1.48,4900,14.80
2012-12-17,1.55,1.55,1.48,1.50,6500,15.00
2012-12-14,1.55,1.56,1.46,1.51,9000,15.10
2012-12-13,1.48,1.55,1.45,1.53,11500,15.30
2012-12-12,1.39,1.49,1.37,1.48,21200,14.80
2012-12-11,1.33,1.38,1.31,1.38,13900,13.80
2012-12-10,1.32,1.34,1.24,1.33,14700,13.30
2012-12-07,1.30,1.32,1.28,1.32,5300,13.20
2012-12-06,1.30,1.31,1.25,1.27,4800,12.70
2012-12-05,1.29,1.30,1.25,1.30,2800,13.00
2012-12-04,1.32,1.32,1.27,1.27,3000,12.70
2012-12-03,1.31,1.33,1.28,1.32,2900,13.20
2012-11-30,1.29,1.33,1.27,1.33,5000,13.30
2012-11-29,1.29,1.32,1.27,1.30,11900,13.00
2012-11-28,1.29,1.30,1.26,1.29,3900,12.90
2012-11-27,1.26,1.32,1.22,1.29,6400,12.90
2012-11-26,1.27,1.33,1.25,1.28,9100,12.80
2012-11-23,1.25,1.30,1.25,1.30,3700,13.00
2012-11-21,1.29,1.29,1.23,1.25,6800,12.50
2012-11-20,1.26,1.30,1.26,1.30,3900,13.00
2012-11-19,1.27,1.30,1.25,1.26,7300,12.60
2012-11-16,1.29,1.30,1.20,1.26,4900,12.60
2012-11-15,1.20,1.26,1.20,1.26,9500,12.60
2012-11-14,1.26,1.28,1.18,1.23,12200,12.30
2012-11-13,1.24,1.29,1.23,1.26,2900,12.60
2012-11-12,1.33,1.33,1.23,1.27,5500,12.70
2012-11-09,1.25,1.30,1.23,1.29,5700,12.90
2012-11-08,1.21,1.29,1.21,1.28,16600,12.80
2012-11-07,1.27,1.32,1.20,1.25,10100,12.50
2012-11-06,1.26,1.34,1.25,1.31,7800,13.10
2012-11-05,1.19,1.30,1.18,1.28,16000,12.80
2012-11-02,1.24,1.32,1.21,1.27,20500,12.70
2012-11-01,1.37,1.37,1.30,1.31,7100,13.10
2012-10-31,1.40,1.42,1.34,1.39,7500,13.90
2012-10-26,1.34,1.43,1.34,1.42,9200,14.20
2012-10-25,1.41,1.41,1.38,1.38,17400,13.80
2012-10-24,1.41,1.44,1.40,1.41,6400,14.10
2012-10-23,1.41,1.45,1.38,1.41,9800,14.10
2012-10-22,1.38,1.42,1.37,1.41,17200,14.10
2012-10-19,1.34,1.35,1.27,1.33,12300,13.30
2012-10-18,1.45,1.48,1.32,1.39,18800,13.90
2012-10-17,1.53,1.53,1.46,1.49,14300,14.90
2012-10-16,1.46,1.54,1.45,1.50,24700,15.00
2012-10-15,1.39,1.47,1.38,1.46,19000,14.60
2012-10-12,1.38,1.39,1.36,1.39,8000,13.90
2012-10-11,1.35,1.38,1.31,1.38,5600,13.80
2012-10-10,1.39,1.39,1.34,1.35,6200,13.50
2012-10-09,1.37,1.39,1.34,1.39,5200,13.90
2012-10-08,1.36,1.38,1.34,1.38,4800,13.80
2012-10-05,1.37,1.40,1.35,1.39,20500,13.90
2012-10-04,1.39,1.39,1.36,1.39,14600,13.90
2012-10-03,1.39,1.39,1.33,1.39,10400,13.90
2012-10-02,1.38,1.39,1.35,1.38,5900,13.80
2012-10-01,1.35,1.39,1.35,1.37,7200,13.70
2012-09-28,1.39,1.39,1.36,1.39,6200,13.90
2012-09-27,1.36,1.39,1.31,1.39,15700,13.90
2012-09-26,1.38,1.41,1.33,1.34,11200,13.40
2012-09-25,1.26,1.40,1.26,1.38,29000,13.80
2012-09-24,1.17,1.31,1.13,1.29,30600,12.90
2012-09-21,1.27,1.36,1.17,1.17,76800,11.70
2012-09-20,1.21,1.28,1.18,1.27,45100,12.70
2012-09-19,1.19,1.21,1.18,1.21,30700,12.10
2012-09-18,1.16,1.20,1.09,1.20,39200,12.00
2012-09-17,1.11,1.16,1.05,1.15,17300,11.50
2012-09-14,1.06,1.10,1.05,1.09,8200,10.90
2012-09-13,1.03,1.11,1.00,1.08,13700,10.80
2012-09-12,1.00,1.02,0.97,1.02,55100,10.20
2012-09-11,1.00,1.00,0.95,1.00,3400,10.00
2012-09-10,0.95,1.02,0.92,1.00,35000,10.00
2012-09-07,0.93,0.94,0.91,0.94,8000,9.40
2012-09-06,0.92,0.93,0.91,0.93,1600,9.30
2012-09-05,0.92,0.92,0.91,0.92,1500,9.20
2012-09-04,0.92,0.93,0.89,0.93,6500,9.30
2012-08-31,0.90,0.93,0.87,0.93,18800,9.30
2012-08-30,0.91,0.92,0.87,0.92,9000,9.20
2012-08-29,0.90,0.92,0.90,0.92,5000,9.20
2012-08-28,0.85,0.92,0.83,0.92,21600,9.20
2012-08-27,0.84,0.88,0.82,0.88,4700,8.80
2012-08-24,0.83,0.84,0.82,0.84,5600,8.40
2012-08-23,0.83,0.84,0.82,0.84,1900,8.40
2012-08-22,0.82,0.83,0.82,0.83,3100,8.30
2012-08-21,0.82,0.83,0.82,0.82,3100,8.20
2012-08-20,0.84,0.84,0.82,0.82,4800,8.20
2012-08-17,0.82,0.84,0.81,0.82,8400,8.20
2012-08-16,0.82,0.84,0.80,0.83,3400,8.30
2012-08-15,0.83,0.84,0.80,0.80,7300,8.00
2012-08-14,0.82,0.85,0.81,0.85,3400,8.50
2012-08-13,0.80,0.85,0.80,0.85,11400,8.50
2012-08-10,0.86,0.86,0.82,0.83,4100,8.30
2012-08-09,0.83,0.88,0.82,0.88,1400,8.80
2012-08-08,0.87,0.90,0.85,0.86,2000,8.60
2012-08-07,0.91,0.91,0.88,0.91,3500,9.10
2012-08-06,0.90,0.91,0.88,0.90,4000,9.00
2012-08-03,0.91,0.91,0.88,0.91,1500,9.10
2012-08-02,0.86,0.89,0.86,0.89,400,8.90
2012-08-01,0.91,0.91,0.89,0.90,8200,9.00
2012-07-31,0.90,0.91,0.90,0.91,2600,9.10
2012-07-30,0.88,0.91,0.87,0.91,6600,9.10
2012-07-27,0.81,0.92,0.81,0.90,12600,9.00
2012-07-26,0.88,0.92,0.88,0.91,1700,9.10
2012-07-25,0.90,0.91,0.86,0.91,5800,9.10
2012-07-24,0.90,0.90,0.87,0.90,1700,9.00
2012-07-23,0.82,0.90,0.82,0.90,5900,9.00
2012-07-20,0.83,0.88,0.83,0.88,1600,8.80
2012-07-19,0.86,0.86,0.85,0.85,1800,8.50
2012-07-18,0.86,0.86,0.86,0.86,600,8.60
2012-07-17,0.86,0.88,0.83,0.88,60100,8.80
2012-07-16,0.90,0.90,0.81,0.86,6100,8.60
2012-07-13,0.87,0.88,0.81,0.88,4300,8.80
2012-07-12,0.87,0.89,0.85,0.89,2100,8.90
2012-07-11,0.89,0.89,0.85,0.89,1100,8.90
2012-07-10,0.85,0.89,0.85,0.87,400,8.70
2012-07-09,0.85,0.89,0.85,0.88,1800,8.80
2012-07-06,0.89,0.89,0.86,0.89,500,8.90
2012-07-05,0.88,0.90,0.86,0.88,4900,8.80
2012-07-03,0.85,0.88,0.85,0.88,900,8.80
2012-07-02,0.85,0.88,0.84,0.88,4700,8.80
2012-06-29,0.88,0.88,0.84,0.87,3400,8.70
2012-06-28,0.88,0.88,0.85,0.88,500,8.80
2012-06-27,0.86,0.88,0.85,0.88,6600,8.80
2012-06-26,0.84,0.88,0.80,0.88,3800,8.80
2012-06-25,0.85,0.85,0.80,0.84,7300,8.40
2012-06-22,0.90,0.90,0.82,0.82,11600,8.20
2012-06-21,0.85,0.89,0.85,0.89,1100,8.90
2012-06-20,0.85,0.90,0.84,0.86,5400,8.60
2012-06-19,0.88,0.89,0.85,0.88,4200,8.80
2012-06-18,0.85,0.87,0.83,0.85,5500,8.50
2012-06-15,0.86,0.91,0.82,0.89,16700,8.90
2012-06-14,0.86,0.88,0.84,0.88,16000,8.80
2012-06-13,0.89,0.89,0.84,0.89,1600,8.90
2012-06-12,0.89,0.91,0.88,0.89,6000,8.90
2012-06-11,0.81,0.89,0.81,0.89,5500,8.90
2012-06-08,0.84,0.85,0.82,0.83,6300,8.30
2012-06-07,0.82,0.84,0.81,0.84,5000,8.40
2012-06-06,0.76,0.82,0.76,0.81,80700,8.10
2012-06-05,0.79,0.80,0.72,0.75,6700,7.50
2012-06-04,0.78,0.84,0.77,0.81,2500,8.10
2012-06-01,0.85,0.88,0.78,0.83,8500,8.30
2012-05-31,0.87,0.89,0.87,0.88,1000,8.80
2012-05-30,0.88,0.88,0.85,0.87,3400,8.70
2012-05-29,0.89,0.89,0.87,0.87,2500,8.70
2012-05-25,0.87,0.88,0.85,0.85,5000,8.50
2012-05-24,0.87,0.89,0.85,0.87,6600,8.70
2012-05-23,0.87,0.90,0.85,0.90,3400,9.00
2012-05-22,0.85,0.90,0.85,0.89,2200,8.90
2012-05-21,0.87,0.90,0.86,0.88,3300,8.80
2012-05-18,0.78,0.89,0.78,0.83,13200,8.30
2012-05-17,0.87,0.90,0.85,0.90,4100,9.00
2012-05-16,0.88,0.91,0.86,0.91,2300,9.10
2012-05-15,0.93,0.93,0.89,0.91,5100,9.10
2012-05-14,0.84,0.95,0.84,0.93,31000,9.30
2012-05-11,0.85,0.88,0.84,0.88,11300,8.80
2012-05-10,0.80,0.84,0.79,0.84,28800,8.40
2012-05-09,0.79,0.81,0.79,0.81,2300,8.10
2012-05-08,0.81,0.83,0.77,0.83,14200,8.30
2012-05-07,0.79,0.83,0.78,0.83,9500,8.30
2012-05-04,0.83,0.83,0.79,0.83,6300,8.30
2012-05-03,0.82,0.83,0.79,0.83,4500,8.30
2012-05-02,0.79,0.82,0.75,0.82,13000,8.20
2012-05-01,0.83,0.84,0.82,0.84,6900,8.40
2012-04-30,0.82,0.82,0.77,0.80,9400,8.00
2012-04-27,0.75,0.85,0.75,0.82,61100,8.20
2012-04-26,0.72,0.72,0.70,0.71,6900,7.10
2012-04-25,0.71,0.72,0.69,0.72,3400,7.20
2012-04-24,0.70,0.70,0.68,0.70,5700,7.00
2012-04-23,0.67,0.70,0.66,0.69,900,6.90
2012-04-20,0.67,0.70,0.67,0.70,6000,7.00
2012-04-19,0.69,0.69,0.67,0.69,4600,6.90
2012-04-18,0.69,0.69,0.66,0.68,5400,6.80
2012-04-17,0.66,0.67,0.65,0.67,9900,6.70
2012-04-16,0.70,0.70,0.65,0.68,16200,6.80
2012-04-13,0.69,0.72,0.65,0.70,1600,7.00
2012-04-12,0.66,0.71,0.64,0.69,39600,6.90
2012-04-11,0.70,0.71,0.65,0.68,197600,6.80
2012-04-10,0.70,0.72,0.67,0.70,3200,7.00
2012-04-09,0.69,0.72,0.68,0.72,300,7.20
2012-04-05,0.74,0.74,0.67,0.72,1400,7.20
2012-04-04,0.72,0.74,0.68,0.73,4900,7.30
2012-04-03,0.72,0.72,0.70,0.72,1400,7.20
2012-04-02,0.70,0.75,0.70,0.72,2300,7.20
2012-03-30,0.75,0.75,0.70,0.73,800,7.30
2012-03-29,0.73,0.75,0.72,0.75,1200,7.50
2012-03-28,0.75,0.75,0.71,0.75,5100,7.50
2012-03-27,0.73,0.75,0.71,0.73,3100,7.30
2012-03-26,0.74,0.75,0.71,0.73,13200,7.30
2012-03-23,0.74,0.74,0.71,0.72,1800,7.20
2012-03-22,0.75,0.75,0.71,0.71,2700,7.10
2012-03-21,0.74,0.76,0.72,0.76,1600,7.60
2012-03-20,0.73,0.76,0.71,0.76,1400,7.60
2012-03-19,0.72,0.77,0.72,0.75,3100,7.50
2012-03-16,0.73,0.74,0.70,0.73,5500,7.30
2012-03-15,0.71,0.75,0.71,0.74,2600,7.40
2012-03-14,0.76,0.78,0.72,0.74,3500,7.40
2012-03-13,0.74,0.78,0.72,0.77,3300,7.70
2012-03-12,0.72,0.75,0.71,0.75,1200,7.50
2012-03-09,0.75,0.76,0.69,0.71,35700,7.10
2012-03-08,0.74,0.75,0.70,0.75,5800,7.50
2012-03-07,0.75,0.75,0.73,0.75,2600,7.50
2012-03-06,0.75,0.75,0.72,0.74,11200,7.40
2012-03-05,0.73,0.78,0.73,0.75,4000,7.50
2012-03-02,0.75,0.77,0.74,0.75,6200,7.50
2012-03-01,0.75,0.78,0.74,0.77,4700,7.70
2012-02-29,0.78,0.78,0.75,0.75,2300,7.50
2012-02-28,0.79,0.80,0.78,0.80,4900,8.00
2012-02-27,0.76,0.80,0.75,0.80,3500,8.00
2012-02-24,0.73,0.76,0.73,0.74,4700,7.40
2012-02-23,0.85,0.85,0.74,0.75,41900,7.50
2012-02-22,0.83,0.85,0.80,0.82,4300,8.20
2012-02-21,0.83,0.86,0.82,0.82,4100,8.20
2012-02-17,0.86,0.86,0.84,0.85,4200,8.50
2012-02-16,0.80,0.87,0.80,0.87,16900,8.70
2012-02-15,0.82,0.84,0.80,0.82,5600,8.20
2012-02-14,0.83,0.85,0.80,0.83,3300,8.30
2012-02-13,0.87,0.87,0.85,0.85,2900,8.50
2012-02-10,0.88,0.88,0.85,0.86,1600,8.60
2012-02-09,0.84,0.89,0.84,0.87,6200,8.70
2012-02-08,0.85,0.90,0.82,0.84,26800,8.40
2012-02-07,0.85,0.86,0.82,0.86,15300,8.60
2012-02-06,0.82,0.92,0.82,0.86,16200,8.60
2012-02-03,0.92,0.92,0.77,0.81,76100,8.10
2012-02-02,0.90,0.92,0.83,0.89,16200,8.90
2012-02-01,0.86,0.93,0.85,0.88,17000,8.80
2012-01-31,0.88,0.88,0.82,0.88,45900,8.80
2012-01-30,0.85,0.89,0.85,0.86,7500,8.60
2012-01-27,0.85,0.89,0.82,0.85,13700,8.50
2012-01-26,0.87,0.89,0.87,0.88,2400,8.80
2012-01-25,0.85,0.89,0.85,0.88,4300,8.80
2012-01-24,0.85,0.88,0.83,0.86,3900,8.60
2012-01-23,0.85,0.89,0.84,0.85,4800,8.50
2012-01-20,0.80,0.85,0.79,0.85,5100,8.50
2012-01-19,0.73,0.85,0.73,0.84,57400,8.40
2012-01-18,0.77,0.77,0.72,0.75,5000,7.50
2012-01-17,0.76,0.77,0.73,0.74,2100,7.40
2012-01-13,0.77,0.78,0.71,0.76,1900,7.60
2012-01-12,0.71,0.77,0.67,0.75,205300,7.50
2012-01-11,0.76,0.76,0.70,0.71,52800,7.10
2012-01-10,0.78,0.78,0.75,0.76,1500,7.60
2012-01-09,0.75,0.78,0.75,0.76,1100,7.60
2012-01-06,0.78,0.78,0.76,0.78,600,7.80
2012-01-05,0.81,0.81,0.74,0.78,16800,7.80
2012-01-04,0.85,0.85,0.77,0.81,24200,8.10
2012-01-03,0.82,0.86,0.77,0.82,11800,8.20
2011-12-30,0.82,0.82,0.77,0.81,7700,8.10
2011-12-29,0.80,0.83,0.77,0.79,6300,7.90
2011-12-28,0.82,0.84,0.78,0.79,3900,7.90
2011-12-27,0.90,0.90,0.81,0.82,3300,8.20
2011-12-23,0.80,0.89,0.80,0.89,12600,8.90
2011-12-22,0.80,0.81,0.79,0.81,4200,8.10
2011-12-21,0.80,0.80,0.77,0.80,2100,8.00
2011-12-20,0.78,0.80,0.77,0.80,2500,8.00
2011-12-19,0.80,0.80,0.77,0.80,3000,8.00
2011-12-16,0.79,0.82,0.77,0.79,3900,7.90
2011-12-15,0.88,0.88,0.77,0.79,9400,7.90
2011-12-14,0.83,0.86,0.82,0.84,1400,8.40
2011-12-13,0.85,0.88,0.82,0.86,3300,8.60
2011-12-12,0.82,0.85,0.78,0.81,2700,8.10
2011-12-09,0.77,0.87,0.77,0.86,6500,8.60
2011-12-08,0.76,0.84,0.76,0.76,17000,7.60
2011-12-07,0.84,0.84,0.81,0.81,2400,8.10
2011-12-06,0.82,0.87,0.82,0.86,3100,8.60
2011-12-05,0.85,0.87,0.78,0.83,7800,8.30
2011-12-02,0.88,0.90,0.85,0.87,6200,8.70
2011-12-01,0.85,0.89,0.85,0.89,3000,8.90
2011-11-30,0.86,0.90,0.82,0.84,1500,8.40
2011-11-29,0.88,0.88,0.83,0.88,500,8.80
2011-11-28,0.90,0.90,0.83,0.88,4300,8.80
2011-11-25,0.93,0.93,0.85,0.88,1400,8.80
2011-11-23,0.93,0.93,0.90,0.92,200,9.20
2011-11-22,0.94,0.96,0.89,0.93,2500,9.30
2011-11-21,0.93,0.97,0.89,0.94,5100,9.40
2011-11-18,0.94,0.97,0.94,0.96,1200,9.60
2011-11-17,0.93,0.96,0.92,0.96,1800,9.60
2011-11-16,0.94,0.96,0.93,0.96,3800,9.60
2011-11-15,0.94,0.96,0.92,0.95,3200,9.50
2011-11-14,0.94,0.98,0.92,0.93,1900,9.30
2011-11-11,0.91,0.98,0.91,0.95,1900,9.50
2011-11-10,0.97,0.98,0.95,0.98,28900,9.80
2011-11-09,0.95,0.98,0.93,0.98,5300,9.80
2011-11-08,0.95,0.99,0.94,0.96,6300,9.60
2011-11-07,0.94,0.98,0.90,0.96,4000,9.60
2011-11-04,0.97,0.97,0.92,0.95,6200,9.50
2011-11-03,0.90,0.96,0.90,0.96,7000,9.60
2011-11-02,0.94,1.00,0.92,0.95,18300,9.50
2011-11-01,1.03,1.04,0.96,1.02,6400,10.20
2011-10-31,1.03,1.09,1.02,1.06,8600,10.60
2011-10-28,0.85,1.04,0.85,1.04,44500,10.40
2011-10-27,0.78,0.85,0.77,0.85,7000,8.50
2011-10-26,0.78,0.80,0.76,0.77,8000,7.70
2011-10-25,0.80,0.82,0.76,0.78,9400,7.80
2011-10-24,0.88,0.89,0.80,0.80,10900,8.00
2011-10-21,0.82,0.89,0.82,0.84,2800,8.40
2011-10-20,0.82,0.86,0.82,0.85,2000,8.50
2011-10-19,0.86,0.87,0.81,0.83,5600,8.30
2011-10-18,0.81,0.90,0.81,0.84,1000,8.40
2011-10-17,0.85,0.90,0.80,0.82,7500,8.20
2011-10-14,0.87,0.90,0.84,0.85,10600,8.50
2011-10-13,0.85,0.90,0.85,0.89,2500,8.90
2011-10-12,0.85,0.90,0.83,0.88,7000,8.80
2011-10-11,0.86,0.90,0.80,0.84,15600,8.40
2011-10-10,0.87,0.92,0.85,0.89,3300,8.90
2011-10-07,0.86,0.91,0.83,0.90,3000,9.00
2011-10-06,0.85,0.89,0.84,0.85,2000,8.50
2011-10-05,0.86,0.92,0.85,0.85,2900,8.50
2011-10-04,0.80,0.90,0.80,0.85,5800,8.50
2011-10-03,0.85,0.88,0.75,0.80,9000,8.00
2011-09-30,0.83,0.90,0.80,0.86,9200,8.60
2011-09-29,0.93,0.93,0.84,0.86,5400,8.60
2011-09-28,0.88,0.90,0.85,0.90,1100,9.00
2011-09-27,0.88,0.91,0.86,0.90,4500,9.00
2011-09-26,0.85,0.92,0.85,0.88,3400,8.80
2011-09-23,0.90,0.93,0.88,0.88,9900,8.80
2011-09-22,0.90,0.95,0.90,0.91,19100,9.10
2011-09-21,0.92,0.95,0.91,0.92,3800,9.20
2011-09-20,0.99,1.00,0.91,0.94,26600,9.40
2011-09-19,0.99,1.01,0.94,0.97,14000,9.70
2011-09-16,1.00,1.04,0.98,1.02,8900,10.20
2011-09-15,1.00,1.02,0.98,1.00,8900,10.00
2011-09-14,1.03,1.05,1.01,1.04,6700,10.40
2011-09-13,1.00,1.03,0.97,1.02,13400,10.20
2011-09-12,0.97,1.02,0.96,1.02,1300,10.20
2011-09-09,1.04,1.04,0.96,0.99,8000,9.90
2011-09-08,1.03,1.04,1.00,1.01,9000,10.10
2011-09-07,1.03,1.05,1.01,1.04,7200,10.40
2011-09-06,1.03,1.05,0.99,1.01,6000,10.10
2011-09-02,1.05,1.08,1.03,1.04,7300,10.40
2011-09-01,1.09,1.10,1.05,1.05,6100,10.50
2011-08-31,1.10,1.12,1.06,1.06,6700,10.60
2011-08-30,1.10,1.11,1.08,1.09,3300,10.90
2011-08-29,1.08,1.12,1.08,1.11,3800,11.10
2011-08-26,1.07,1.10,1.06,1.06,1900,10.60
2011-08-25,1.10,1.10,1.06,1.06,2300,10.60
2011-08-24,1.11,1.13,1.08,1.10,1700,11.00
2011-08-23,1.08,1.12,1.05,1.10,5800,11.00
2011-08-22,1.08,1.08,1.04,1.08,5400,10.80
2011-08-19,1.05,1.11,1.04,1.04,7000,10.40
2011-08-18,1.08,1.12,1.07,1.07,6400,10.70
2011-08-17,1.09,1.13,1.07,1.13,7600,11.30
2011-08-16,1.09,1.12,1.06,1.08,7200,10.80
2011-08-15,1.08,1.10,1.05,1.09,4600,10.90
2011-08-12,1.09,1.10,1.05,1.07,2400,10.70
2011-08-11,1.03,1.10,1.03,1.08,7300,10.80
2011-08-10,1.08,1.10,1.04,1.04,6600,10.40
2011-08-09,1.08,1.13,1.07,1.10,13100,11.00
2011-08-08,1.12,1.16,1.06,1.10,23500,11.00
2011-08-05,1.24,1.24,1.12,1.18,21600,11.80
2011-08-04,1.22,1.28,1.22,1.24,93600,12.40
2011-08-03,1.25,1.35,1.23,1.27,58100,12.70
2011-08-02,1.24,1.25,1.21,1.25,10900,12.50
2011-08-01,1.26,1.26,1.18,1.24,9800,12.40
2011-07-29,1.15,1.27,1.09,1.26,53000,12.60
2011-07-28,1.16,1.21,1.13,1.13,19800,11.30
2011-07-27,1.17,1.18,1.12,1.14,12300,11.40
2011-07-26,1.14,1.20,1.14,1.19,12400,11.90
2011-07-25,1.17,1.18,1.15,1.16,8000,11.60
2011-07-22,1.22,1.25,1.17,1.18,11700,11.80
2011-07-21,1.20,1.22,1.16,1.22,5800,12.20
2011-07-20,1.19,1.23,1.19,1.23,15900,12.30
2011-07-19,1.15,1.21,1.13,1.20,26200,12.00
2011-07-18,1.11,1.14,1.11,1.13,8000,11.30
2011-07-15,1.18,1.18,1.11,1.11,6700,11.10
2011-07-14,1.17,1.17,1.13,1.13,5700,11.30
2011-07-13,1.17,1.18,1.14,1.14,6200,11.40
2011-07-12,1.12,1.18,1.12,1.16,11000,11.60
2011-07-11,1.19,1.20,1.11,1.12,48400,11.20
2011-07-08,1.22,1.22,1.18,1.18,12700,11.80
2011-07-07,1.21,1.25,1.20,1.21,14500,12.10
2011-07-06,1.23,1.25,1.20,1.22,14100,12.20
2011-07-05,1.22,1.28,1.22,1.22,12800,12.20
2011-07-01,1.21,1.25,1.20,1.20,18800,12.00
2011-06-30,1.25,1.30,1.21,1.23,33100,12.30
2011-06-29,1.24,1.25,1.21,1.25,8500,12.50
2011-06-28,1.25,1.27,1.22,1.27,12100,12.70
2011-06-27,1.26,1.27,1.22,1.23,23100,12.30
2011-06-24,1.19,1.27,1.18,1.27,444100,12.70
2011-06-23,1.18,1.20,1.17,1.19,20300,11.90
2011-06-22,1.22,1.28,1.19,1.20,38100,12.00
2011-06-21,1.21,1.29,1.20,1.23,34600,12.30
2011-06-20,1.19,1.21,1.17,1.20,17500,12.00
2011-06-17,1.23,1.24,1.15,1.20,60700,12.00
2011-06-16,1.32,1.32,1.25,1.25,39300,12.50
2011-06-15,1.40,1.42,1.33,1.36,31900,13.60
2011-06-14,1.39,1.43,1.37,1.40,45600,14.00
2011-06-13,1.40,1.40,1.35,1.38,27000,13.80
2011-06-10,1.36,1.43,1.34,1.41,33600,14.10
2011-06-09,1.34,1.41,1.33,1.38,22400,13.80
2011-06-08,1.40,1.49,1.29,1.33,23700,13.30
2011-06-07,1.37,1.46,1.37,1.41,24000,14.10
2011-06-06,1.40,1.43,1.33,1.35,25800,13.50
2011-06-03,1.45,1.47,1.39,1.40,21700,14.00
2011-06-02,1.51,1.54,1.44,1.47,17500,14.70
2011-06-01,1.55,1.62,1.52,1.54,84100,15.40
2011-05-31,1.46,1.54,1.43,1.53,82500,15.30
2011-05-27,1.40,1.41,1.37,1.40,19400,14.00
2011-05-26,1.40,1.40,1.38,1.39,20900,13.90
2011-05-25,1.39,1.43,1.39,1.40,17300,14.00
2011-05-24,1.40,1.41,1.39,1.39,19700,13.90
2011-05-23,1.40,1.42,1.38,1.40,17200,14.00
2011-05-20,1.38,1.49,1.36,1.44,49100,14.40
2011-05-19,1.46,1.47,1.36,1.38,28900,13.80
2011-05-18,1.34,1.46,1.30,1.46,46100,14.60
2011-05-17,1.35,1.40,1.33,1.33,14900,13.30
2011-05-16,1.40,1.45,1.35,1.37,42800,13.70
2011-05-13,1.45,1.46,1.38,1.40,19300,14.00
2011-05-12,1.40,1.48,1.40,1.44,42100,14.40
2011-05-11,1.30,1.48,1.30,1.39,57400,13.90
2011-05-10,1.24,1.34,1.22,1.31,42600,13.10
2011-05-09,1.23,1.24,1.21,1.22,7600,12.20
2011-05-06,1.23,1.25,1.20,1.24,24000,12.40
2011-05-05,1.21,1.23,1.21,1.21,9500,12.10
2011-05-04,1.24,1.25,1.23,1.23,13200,12.30
2011-05-03,1.24,1.28,1.24,1.26,32100,12.60
2011-05-02,1.26,1.32,1.26,1.27,44600,12.70
2011-04-29,1.25,1.27,1.20,1.26,13800,12.60
2011-04-28,1.26,1.26,1.20,1.21,15400,12.10
2011-04-27,1.27,1.27,1.23,1.24,5800,12.40
2011-04-26,1.25,1.30,1.22,1.27,31300,12.70
2011-04-25,1.20,1.24,1.20,1.23,5200,12.30
2011-04-21,1.22,1.22,1.19,1.21,9400,12.10
2011-04-20,1.17,1.20,1.15,1.20,11400,12.00
2011-04-19,1.18,1.18,1.13,1.15,6200,11.50
2011-04-18,1.13,1.20,1.07,1.17,25800,11.70
2011-04-15,1.16,1.17,1.15,1.15,14400,11.50
2011-04-14,1.18,1.18,1.16,1.16,3900,11.60
2011-04-13,1.16,1.21,1.16,1.18,6800,11.80
2011-04-12,1.20,1.21,1.16,1.16,9400,11.60
2011-04-11,1.19,1.21,1.19,1.20,6400,12.00
2011-04-08,1.21,1.23,1.17,1.20,17500,12.00
2011-04-07,1.19,1.23,1.18,1.20,24200,12.00
2011-04-06,1.17,1.20,1.16,1.18,28800,11.80
2011-04-05,1.15,1.18,1.15,1.17,10500,11.70
2011-04-04,1.16,1.18,1.15,1.16,19100,11.60
2011-04-01,1.15,1.19,1.15,1.15,17300,11.50
2011-03-31,1.19,1.19,1.14,1.14,11200,11.40
2011-03-30,1.18,1.20,1.15,1.18,25800,11.80
2011-03-29,1.16,1.17,1.15,1.16,5200,11.60
2011-03-28,1.17,1.18,1.15,1.17,8700,11.70
2011-03-25,1.16,1.16,1.15,1.16,14100,11.60
2011-03-24,1.17,1.21,1.13,1.16,23400,11.60
2011-03-23,1.22,1.22,1.14,1.17,17400,11.70
2011-03-22,1.18,1.24,1.15,1.23,14300,12.30
2011-03-21,1.15,1.18,1.13,1.17,17400,11.70
2011-03-18,1.08,1.15,1.07,1.13,24100,11.30
2011-03-17,1.16,1.16,1.05,1.07,49800,10.70
2011-03-16,1.17,1.20,1.13,1.14,29900,11.40
2011-03-15,1.20,1.22,1.17,1.18,45100,11.80
2011-03-14,1.23,1.23,1.21,1.21,13900,12.10
2011-03-11,1.23,1.25,1.21,1.23,14200,12.30
2011-03-10,1.21,1.27,1.21,1.22,22900,12.20
2011-03-09,1.26,1.26,1.21,1.23,17800,12.30
2011-03-08,1.24,1.27,1.23,1.27,7700,12.70
2011-03-07,1.28,1.28,1.23,1.24,21300,12.40
2011-03-04,1.29,1.29,1.22,1.26,44000,12.60
2011-03-03,1.25,1.33,1.22,1.30,93300,13.00
2011-03-02,1.22,1.24,1.21,1.24,11100,12.40
2011-03-01,1.26,1.26,1.22,1.22,6400,12.20
2011-02-28,1.26,1.27,1.22,1.26,12400,12.60
2011-02-25,1.24,1.28,1.22,1.26,15000,12.60
2011-02-24,1.21,1.27,1.21,1.27,16600,12.70
2011-02-23,1.20,1.22,1.19,1.22,84600,12.20
2011-02-22,1.24,1.26,1.20,1.20,11800,12.00
2011-02-18,1.27,1.27,1.24,1.26,21400,12.60
2011-02-17,1.23,1.26,1.21,1.26,18800,12.60
2011-02-16,1.25,1.26,1.22,1.23,27400,12.30
2011-02-15,1.22,1.27,1.22,1.25,36900,12.50
2011-02-14,1.20,1.25,1.19,1.23,38900,12.30
2011-02-11,1.20,1.24,1.15,1.21,81900,12.10
2011-02-10,1.28,1.28,1.16,1.19,65800,11.90
2011-02-09,1.26,1.29,1.25,1.27,20900,12.70
2011-02-08,1.21,1.27,1.21,1.27,57500,12.70
2011-02-07,1.28,1.28,1.21,1.21,40900,12.10
2011-02-04,1.23,1.29,1.21,1.27,51000,12.70
2011-02-03,1.26,1.26,1.20,1.23,16000,12.30
2011-02-02,1.22,1.28,1.22,1.25,21400,12.50
2011-02-01,1.19,1.25,1.18,1.23,23700,12.30
2011-01-31,1.21,1.26,1.18,1.20,41500,12.00
2011-01-28,1.30,1.34,1.21,1.23,38200,12.30
2011-01-27,1.36,1.38,1.30,1.30,15600,13.00
2011-01-26,1.28,1.39,1.26,1.35,37900,13.50
2011-01-25,1.27,1.30,1.27,1.27,32700,12.70
2011-01-24,1.25,1.34,1.25,1.27,22400,12.70
2011-01-21,1.26,1.30,1.25,1.25,20000,12.50
2011-01-20,1.32,1.33,1.26,1.26,22000,12.60
2011-01-19,1.42,1.42,1.31,1.31,28300,13.10
2011-01-18,1.45,1.45,1.42,1.42,8900,14.20
2011-01-14,1.46,1.48,1.41,1.46,21600,14.60
2011-01-13,1.47,1.50,1.44,1.46,16200,14.60
2011-01-12,1.46,1.48,1.41,1.47,17500,14.70
2011-01-11,1.46,1.48,1.44,1.44,10400,14.40
2011-01-10,1.43,1.48,1.42,1.43,17300,14.30
2011-01-07,1.45,1.51,1.40,1.42,17700,14.20
2011-01-06,1.43,1.46,1.40,1.45,13000,14.50
2011-01-05,1.43,1.47,1.40,1.45,33000,14.50
2011-01-04,1.42,1.45,1.40,1.43,31900,14.30
2011-01-03,1.32,1.45,1.30,1.43,58600,14.30
2010-12-31,1.37,1.39,1.30,1.34,19500,13.40
2010-12-30,1.33,1.39,1.33,1.35,20700,13.50
2010-12-29,1.40,1.44,1.34,1.35,24300,13.50
2010-12-28,1.39,1.42,1.36,1.40,21400,14.00
2010-12-27,1.38,1.38,1.33,1.37,8500,13.70
2010-12-23,1.40,1.43,1.33,1.38,20700,13.80
2010-12-22,1.36,1.41,1.29,1.40,31200,14.00
2010-12-21,1.39,1.45,1.32,1.35,53700,13.50
2010-12-20,1.30,1.39,1.27,1.39,46400,13.90
2010-12-17,1.30,1.32,1.24,1.26,91400,12.60
2010-12-16,1.31,1.32,1.27,1.29,37800,12.90
2010-12-15,1.29,1.31,1.26,1.31,23900,13.10
2010-12-14,1.25,1.31,1.24,1.30,33700,13.00
2010-12-13,1.32,1.32,1.25,1.25,41300,12.50
2010-12-10,1.32,1.33,1.28,1.30,34100,13.00
2010-12-09,1.33,1.35,1.31,1.32,44400,13.20
2010-12-08,1.37,1.37,1.31,1.32,44900,13.20
2010-12-07,1.39,1.40,1.29,1.38,91600,13.80
2010-12-06,1.30,1.35,1.22,1.30,91000,13.00
2010-12-03,1.25,1.34,1.24,1.29,78900,12.90
2010-12-02,1.19,1.28,1.17,1.25,96700,12.50
2010-12-01,1.10,1.19,1.10,1.19,92600,11.90
2010-11-30,1.06,1.10,1.06,1.09,32600,10.90
2010-11-29,1.07,1.09,1.05,1.06,27800,10.60
2010-11-26,1.07,1.13,1.05,1.06,27500,10.60
2010-11-24,1.05,1.12,1.05,1.07,69900,10.70
2010-11-23,1.02,1.09,1.00,1.05,76700,10.50
2010-11-22,1.04,1.04,0.99,1.02,27100,10.20
2010-11-19,1.02,1.05,1.01,1.03,41900,10.30
2010-11-18,1.03,1.03,1.01,1.01,21600,10.10
2010-11-17,1.02,1.03,1.01,1.02,40300,10.20
2010-11-16,1.00,1.03,0.98,1.02,67900,10.20
2010-11-15,1.03,1.04,1.00,1.01,46400,10.10
2010-11-12,1.06,1.06,1.02,1.03,133700,10.30
2010-11-11,1.10,1.12,1.05,1.06,226700,10.60
2010-11-10,1.17,1.24,1.17,1.19,29900,11.90
2010-11-09,1.20,1.24,1.16,1.18,54200,11.80
2010-11-08,1.12,1.29,1.09,1.27,54000,12.70
2010-11-05,1.15,1.19,1.06,1.12,47700,11.20
2010-11-04,1.25,1.29,1.16,1.29,25400,12.90
2010-11-03,1.23,1.26,1.20,1.22,50100,12.20
2010-11-02,1.15,1.21,1.12,1.21,33800,12.10
2010-11-01,1.15,1.19,1.11,1.11,34400,11.10
2010-10-29,1.17,1.18,1.14,1.14,20000,11.40
2010-10-28,1.17,1.19,1.15,1.16,22100,11.60
2010-10-27,1.19,1.19,1.13,1.17,19800,11.70
2010-10-26,1.18,1.22,1.14,1.19,22600,11.90
2010-10-25,1.24,1.28,1.11,1.20,52600,12.00
2010-10-22,1.20,1.25,1.20,1.22,7500,12.20
2010-10-21,1.27,1.29,1.19,1.20,18100,12.00
2010-10-20,1.25,1.28,1.20,1.26,23700,12.60
2010-10-19,1.26,1.31,1.22,1.24,27200,12.40
2010-10-18,1.28,1.29,1.22,1.29,17800,12.90
2010-10-15,1.26,1.28,1.22,1.27,16500,12.70
2010-10-14,1.28,1.28,1.17,1.24,39400,12.40
2010-10-13,1.33,1.34,1.25,1.28,32700,12.80
2010-10-12,1.21,1.30,1.17,1.29,69900,12.90
2010-10-11,1.21,1.25,1.20,1.20,33200,12.00
2010-10-08,1.19,1.21,1.14,1.21,20200,12.10
2010-10-07,1.13,1.22,1.12,1.18,35400,11.80
2010-10-06,1.15,1.16,1.11,1.12,20700,11.20
2010-10-05,1.14,1.19,1.12,1.16,32500,11.60
2010-10-04,1.17,1.18,1.08,1.15,28600,11.50
2010-10-01,1.23,1.23,1.15,1.18,21700,11.80
2010-09-30,1.23,1.23,1.10,1.19,33900,11.90
2010-09-29,1.20,1.30,1.14,1.21,92200,12.10
2010-09-28,1.02,1.21,1.02,1.19,125200,11.90
2010-09-27,1.03,1.03,0.99,1.01,24500,10.10
2010-09-24,1.00,1.04,0.99,1.03,30900,10.30
2010-09-23,1.01,1.02,0.97,0.98,12900,9.80
2010-09-22,1.01,1.04,1.00,1.01,11300,10.10
2010-09-21,1.03,1.04,0.99,1.03,16300,10.30
2010-09-20,1.01,1.04,0.99,1.03,25000,10.30
2010-09-17,1.03,1.04,0.98,1.00,27700,10.00
2010-09-16,0.99,1.03,0.99,1.02,11800,10.20
2010-09-15,0.99,0.99,0.96,0.99,5900,9.90
2010-09-14,1.00,1.01,0.98,0.99,13400,9.90
2010-09-13,0.97,1.01,0.97,1.00,23100,10.00
2010-09-10,0.95,0.98,0.93,0.97,17600,9.70
2010-09-09,0.94,1.03,0.92,0.94,27800,9.40
2010-09-08,0.95,0.96,0.93,0.94,10800,9.40
2010-09-07,1.00,1.03,0.94,0.95,19800,9.50
2010-09-03,1.00,1.03,0.96,0.98,27000,9.80
2010-09-02,0.95,1.04,0.94,0.99,38900,9.90
2010-09-01,0.88,0.94,0.87,0.93,51600,9.30
2010-08-31,0.89,0.91,0.86,0.86,59500,8.60
2010-08-30,0.95,0.96,0.88,0.88,30000,8.80
2010-08-27,0.98,0.99,0.91,0.94,39400,9.40
2010-08-26,1.02,1.03,0.96,0.96,30100,9.60
2010-08-25,1.00,1.04,1.00,1.02,20900,10.20
2010-08-24,1.01,1.02,1.00,1.00,37400,10.00
2010-08-23,1.05,1.06,1.03,1.03,24100,10.30
2010-08-20,1.07,1.09,1.02,1.04,39400,10.40
2010-08-19,1.12,1.14,1.07,1.07,31600,10.70
2010-08-18,1.14,1.14,1.10,1.13,17000,11.30
2010-08-17,1.14,1.14,1.11,1.13,32000,11.30
2010-08-16,1.08,1.14,1.08,1.12,42100,11.20
2010-08-13,1.10,1.12,1.08,1.08,41800,10.80
2010-08-12,1.15,1.16,1.10,1.11,122800,11.10
2010-08-11,1.13,1.16,1.07,1.10,273600,11.00
2010-08-10,1.10,1.16,1.10,1.12,94800,11.20
2010-08-09,1.18,1.18,1.08,1.10,97000,11.00
2010-08-06,1.17,1.17,1.08,1.14,183200,11.40
2010-08-05,1.39,1.40,1.07,1.15,566100,11.50
2010-08-04,1.73,1.83,1.73,1.80,35900,18.00
2010-08-03,1.74,1.75,1.69,1.71,10600,17.10
2010-08-02,1.77,1.77,1.68,1.74,22600,17.40
2010-07-30,1.68,1.79,1.65,1.75,16800,17.50
2010-07-29,1.68,1.75,1.62,1.72,20500,17.20
2010-07-28,1.65,1.68,1.60,1.63,15700,16.30
2010-07-27,1.66,1.71,1.64,1.65,19400,16.50
2010-07-26,1.65,1.68,1.62,1.64,33000,16.40
2010-07-23,1.60,1.65,1.60,1.65,15100,16.50
2010-07-22,1.73,1.73,1.60,1.63,49300,16.30
2010-07-21,1.73,1.74,1.69,1.70,12700,17.00
2010-07-20,1.73,1.73,1.67,1.73,28100,17.30
2010-07-19,1.73,1.76,1.61,1.76,24100,17.60
2010-07-16,1.77,1.78,1.70,1.71,21000,17.10
2010-07-15,1.84,2.00,1.76,1.79,19400,17.90
2010-07-14,1.83,1.85,1.70,1.84,23900,18.40
2010-07-13,1.72,1.76,1.69,1.75,27500,17.50
2010-07-12,1.73,1.75,1.67,1.69,15900,16.90
2010-07-09,1.64,1.76,1.62,1.74,38800,17.40
2010-07-08,1.70,1.77,1.62,1.63,45800,16.30
2010-07-07,1.62,1.74,1.57,1.63,46700,16.30
2010-07-06,1.64,1.78,1.59,1.59,34200,15.90
2010-07-02,1.57,1.76,1.53,1.57,20200,15.70
2010-07-01,1.63,1.69,1.51,1.55,36500,15.50
2010-06-30,1.65,1.67,1.60,1.61,25000,16.10
2010-06-29,1.75,1.78,1.65,1.66,29200,16.60
2010-06-28,1.76,1.78,1.66,1.75,24700,17.50
2010-06-25,1.87,1.89,1.75,1.75,312300,17.50
2010-06-24,1.75,1.89,1.75,1.88,45400,18.80
2010-06-23,1.82,1.82,1.75,1.80,11700,18.00
2010-06-22,1.74,1.83,1.72,1.78,42000,17.80
2010-06-21,1.83,1.84,1.72,1.75,15100,17.50
2010-06-18,1.79,1.79,1.69,1.76,54100,17.60
2010-06-17,1.87,1.87,1.72,1.76,32500,17.60
2010-06-16,1.92,1.92,1.82,1.83,32500,18.30
2010-06-15,1.85,1.92,1.78,1.91,50600,19.10
2010-06-14,1.91,1.99,1.81,1.82,33400,18.20
2010-06-11,1.87,1.93,1.82,1.86,10700,18.60
2010-06-10,1.85,1.96,1.83,1.95,13900,19.50
2010-06-09,1.90,1.90,1.77,1.79,4200,17.90
2010-06-08,1.80,1.89,1.69,1.88,19600,18.80
2010-06-07,2.02,2.05,1.78,1.82,19000,18.20
2010-06-04,2.08,2.10,1.99,2.04,13200,20.40
2010-06-03,2.07,2.12,2.02,2.10,14000,21.00
2010-06-02,1.98,2.11,1.90,2.11,19600,21.10
2010-06-01,2.09,2.09,1.93,2.02,21200,20.20
2010-05-28,2.07,2.15,1.99,2.11,30000,21.10
2010-05-27,1.89,2.08,1.85,2.08,25100,20.80
2010-05-26,1.90,1.91,1.82,1.88,38100,18.80
2010-05-25,1.81,1.84,1.71,1.83,26100,18.30
2010-05-24,1.85,1.96,1.80,1.86,13200,18.60
2010-05-21,1.81,1.96,1.80,1.87,20900,18.70
2010-05-20,2.00,2.03,1.86,1.91,25600,19.10
2010-05-19,2.13,2.15,1.97,2.08,51100,20.80
2010-05-18,2.34,2.34,2.12,2.17,17000,21.70
2010-05-17,2.37,2.41,2.27,2.31,19500,23.10
2010-05-14,2.45,2.45,2.27,2.33,13300,23.30
2010-05-13,2.56,2.56,2.40,2.44,12300,24.40
2010-05-12,2.44,2.55,2.30,2.55,42100,25.50
2010-05-11,2.38,2.45,2.37,2.45,19100,24.50
2010-05-10,2.35,2.49,2.33,2.43,43000,24.30
2010-05-07,2.49,2.50,2.17,2.29,41800,22.90
2010-05-06,2.59,2.74,2.42,2.56,25600,25.60
2010-05-05,2.80,2.80,2.56,2.64,38100,26.40
2010-05-04,2.73,2.87,2.68,2.81,14400,28.10
2010-05-03,2.85,2.92,2.73,2.90,38100,29.00
2010-04-30,2.82,2.94,2.79,2.83,36500,28.30
2010-04-29,2.79,2.85,2.72,2.78,18900,27.80
2010-04-28,2.94,2.97,2.40,2.81,177400,28.10
2010-04-27,3.07,3.28,3.07,3.09,25500,30.90
2010-04-26,3.13,3.19,3.05,3.07,16000,30.70
2010-04-23,3.13,3.37,3.05,3.09,28700,30.90
2010-04-22,2.88,3.22,2.86,3.12,103700,31.20
2010-04-21,2.99,3.02,2.87,2.87,9500,28.70
2010-04-20,2.95,3.02,2.74,2.99,32600,29.90
2010-04-19,3.00,3.06,2.87,2.99,20800,29.90
2010-04-16,3.10,3.14,2.99,3.00,43700,30.00
2010-04-15,3.15,3.17,3.10,3.13,19700,31.30
2010-04-14,3.17,3.25,3.14,3.18,22000,31.80
2010-04-13,3.17,3.17,3.08,3.17,13500,31.70
2010-04-12,3.17,3.17,3.12,3.16,8100,31.60
2010-04-09,3.25,3.25,3.11,3.15,24500,31.50
2010-04-08,3.23,3.32,3.22,3.25,21200,32.50
2010-04-07,3.39,3.50,3.25,3.25,33900,32.50
2010-04-06,3.24,3.45,3.15,3.41,31700,34.10
2010-04-05,3.17,3.42,3.08,3.21,73500,32.10
2010-04-01,2.99,3.10,2.95,3.04,48000,30.40
2010-03-31,2.98,3.07,2.95,3.00,25200,30.00
2010-03-30,2.97,3.15,2.97,3.02,24300,30.20
2010-03-29,3.06,3.20,2.95,3.00,45400,30.00
2010-03-26,2.75,3.08,2.75,2.97,37100,29.70
2010-03-25,2.58,3.08,2.55,2.75,51100,27.50
2010-03-24,2.58,2.60,2.53,2.54,22200,25.40
2010-03-23,2.52,2.60,2.48,2.59,6500,25.90
2010-03-22,2.50,2.56,2.48,2.54,9000,25.40
2010-03-19,2.50,2.56,2.48,2.50,14300,25.00
2010-03-18,2.47,2.57,2.47,2.53,11800,25.30
2010-03-17,2.57,2.57,2.50,2.50,13300,25.00
2010-03-16,2.55,2.58,2.50,2.55,3900,25.50
2010-03-15,2.59,2.62,2.50,2.54,15000,25.40
2010-03-12,2.64,2.65,2.58,2.62,8100,26.20
2010-03-11,2.65,2.68,2.63,2.65,6300,26.50
2010-03-10,2.63,2.70,2.60,2.65,6300,26.50
2010-03-09,2.66,2.69,2.64,2.65,5100,26.50
2010-03-08,2.65,2.71,2.63,2.68,7700,26.80
2010-03-05,2.70,2.74,2.62,2.69,16400,26.90
2010-03-04,2.65,2.68,2.61,2.66,30700,26.60
2010-03-03,2.56,2.66,2.55,2.63,21100,26.30
2010-03-02,2.59,2.68,2.55,2.57,20000,25.70
2010-03-01,2.57,2.63,2.47,2.54,22500,25.40
2010-02-26,2.50,2.71,2.50,2.53,39400,25.30
2010-02-25,2.53,2.65,2.53,2.53,12900,25.30
2010-02-24,2.61,2.70,2.51,2.59,19200,25.90
2010-02-23,2.78,2.78,2.64,2.69,12100,26.90
2010-02-22,2.83,2.90,2.71,2.76,20300,27.60
2010-02-19,2.66,2.77,2.51,2.77,12100,27.70
2010-02-18,2.70,2.71,2.62,2.69,15900,26.90
2010-02-17,2.76,2.76,2.63,2.74,13900,27.40
2010-02-16,2.80,2.87,2.63,2.75,34500,27.50
2010-02-12,2.57,2.75,2.56,2.75,17100,27.50
2010-02-11,2.54,2.67,2.41,2.65,31200,26.50
2010-02-10,2.32,2.53,2.32,2.53,36000,25.30
2010-02-09,2.13,2.39,2.10,2.36,38100,23.60
2010-02-08,2.15,2.15,2.05,2.10,7800,21.00
2010-02-05,2.08,2.15,2.00,2.15,4900,21.50
2010-02-04,2.09,2.13,2.02,2.07,7800,20.70
2010-02-03,2.15,2.18,2.11,2.15,2500,21.50
2010-02-02,2.03,2.20,2.03,2.15,10900,21.50
2010-02-01,2.19,2.19,2.05,2.15,14700,21.50
2010-01-29,2.23,2.25,2.06,2.15,5600,21.50
2010-01-28,2.26,2.27,2.14,2.21,5900,22.10
2010-01-27,2.31,2.35,2.21,2.26,16800,22.60
2010-01-26,2.29,2.37,2.25,2.35,11200,23.50
2010-01-25,2.29,2.35,2.20,2.30,50800,23.00
2010-01-22,2.34,2.39,2.27,2.28,14100,22.80
2010-01-21,2.40,2.40,2.17,2.40,28300,24.00
2010-01-20,2.36,2.40,2.23,2.40,10600,24.00
2010-01-19,2.36,2.40,2.31,2.35,8500,23.50
2010-01-15,2.33,2.42,2.26,2.39,22700,23.90
2010-01-14,2.29,2.36,2.26,2.36,26500,23.60
2010-01-13,2.29,2.35,2.15,2.32,17100,23.20
2010-01-12,2.33,2.33,2.20,2.32,11200,23.20
2010-01-11,2.43,2.43,2.25,2.33,6600,23.30
2010-01-08,2.25,2.41,2.24,2.38,14400,23.80
2010-01-07,2.14,2.34,2.02,2.34,44200,23.40
2010-01-06,2.10,2.20,2.10,2.15,37700,21.50
2010-01-05,2.00,2.10,1.93,2.10,15200,21.00
2010-01-04,1.87,2.03,1.85,1.96,27900,19.60
2009-12-31,1.85,1.87,1.82,1.87,30100,18.70
2009-12-30,1.84,1.91,1.83,1.86,27500,18.60
2009-12-29,1.84,1.86,1.81,1.85,9400,18.50
2009-12-28,1.85,1.87,1.77,1.85,10200,18.50
2009-12-24,1.85,1.87,1.83,1.85,6800,18.50
2009-12-23,1.90,1.90,1.84,1.86,35200,18.60
2009-12-22,1.90,1.91,1.85,1.87,15400,18.70
2009-12-21,1.89,1.91,1.82,1.91,21700,19.10
2009-12-18,1.91,1.94,1.86,1.91,33300,19.10
2009-12-17,1.90,1.97,1.90,1.95,14200,19.50
2009-12-16,1.88,1.94,1.87,1.93,38500,19.30
2009-12-15,1.82,1.91,1.82,1.88,28800,18.80
2009-12-14,1.90,1.93,1.89,1.92,30700,19.20
2009-12-11,1.90,1.98,1.83,1.91,20400,19.10
2009-12-10,1.80,1.96,1.80,1.91,55000,19.10
2009-12-09,1.72,1.79,1.72,1.78,23500,17.80
2009-12-08,1.69,1.77,1.69,1.74,15900,17.40
2009-12-07,1.71,1.78,1.69,1.75,87600,17.50
2009-12-04,1.66,1.71,1.66,1.70,11100,17.00
2009-12-03,1.74,1.75,1.60,1.68,22000,16.80
2009-12-02,1.59,1.71,1.59,1.71,4800,17.10
2009-12-01,1.63,1.67,1.58,1.61,13800,16.10
2009-11-30,1.68,1.70,1.64,1.65,8700,16.50
2009-11-27,1.73,1.73,1.70,1.71,1800,17.10
2009-11-25,1.73,1.77,1.69,1.77,800,17.70
2009-11-24,1.73,1.77,1.68,1.68,4200,16.80
2009-11-23,1.75,1.79,1.68,1.73,5800,17.30
2009-11-20,1.75,1.77,1.68,1.71,5700,17.10
2009-11-19,1.84,1.84,1.76,1.79,3600,17.90
2009-11-18,1.80,1.83,1.76,1.83,5300,18.30
2009-11-17,1.87,1.88,1.81,1.84,14500,18.40
2009-11-16,1.80,1.88,1.80,1.87,3800,18.70
2009-11-13,1.76,1.79,1.74,1.79,900,17.90
2009-11-12,1.76,1.77,1.73,1.77,7900,17.70
2009-11-11,1.75,1.76,1.69,1.76,6600,17.60
2009-11-10,1.76,1.77,1.69,1.73,6400,17.30
2009-11-09,1.73,1.77,1.68,1.77,7600,17.70
2009-11-06,1.72,1.77,1.68,1.73,9800,17.30
2009-11-05,1.73,1.76,1.68,1.76,4900,17.60
2009-11-04,1.70,1.74,1.70,1.73,2500,17.30
2009-11-03,1.74,1.75,1.63,1.74,33700,17.40
2009-11-02,1.78,1.79,1.73,1.79,5400,17.90
2009-10-30,1.80,1.82,1.71,1.73,5600,17.30
2009-10-29,1.83,1.92,1.77,1.77,18200,17.70
2009-10-28,2.01,2.05,1.70,1.77,35200,17.70
2009-10-27,2.04,2.05,2.00,2.04,9900,20.40
2009-10-26,2.06,2.11,1.95,2.04,12800,20.40
2009-10-23,2.11,2.11,1.98,2.02,8200,20.20
2009-10-22,2.17,2.19,2.00,2.05,17300,20.50
2009-10-21,2.20,2.24,2.12,2.16,11500,21.60
2009-10-20,2.10,2.24,2.00,2.17,83100,21.70
2009-10-19,2.36,2.39,2.15,2.15,21100,21.50
2009-10-16,2.54,2.54,2.37,2.40,14200,24.00
2009-10-15,2.62,2.62,2.42,2.52,4400,25.20
2009-10-14,2.55,2.62,2.49,2.58,8900,25.80
2009-10-13,2.52,2.55,2.47,2.49,12100,24.90
2009-10-12,2.35,2.47,2.32,2.47,10200,24.70
2009-10-09,2.35,2.35,2.25,2.29,3200,22.90
2009-10-08,2.34,2.40,2.28,2.32,7300,23.20
2009-10-07,2.30,2.33,2.27,2.28,7300,22.80
2009-10-06,2.29,2.33,2.25,2.31,6600,23.10
2009-10-05,2.23,2.29,2.23,2.29,5200,22.90
2009-10-02,2.18,2.24,2.15,2.23,7700,22.30
2009-10-01,2.36,2.40,2.19,2.24,59600,22.40
2009-09-30,2.37,2.50,2.26,2.33,34600,23.30
2009-09-29,2.10,2.44,2.00,2.40,60900,24.00
2009-09-28,2.00,2.09,1.99,2.07,16200,20.70
2009-09-25,2.00,2.03,1.94,2.03,14900,20.30
2009-09-24,2.06,2.06,2.00,2.02,13600,20.20
2009-09-23,1.95,2.09,1.92,2.03,32800,20.30
2009-09-22,1.87,1.91,1.85,1.91,9600,19.10
2009-09-21,1.83,1.87,1.83,1.87,6700,18.70
2009-09-18,1.87,1.87,1.84,1.85,12600,18.50
2009-09-17,1.84,1.87,1.82,1.87,5600,18.70
2009-09-16,1.83,1.89,1.79,1.87,13000,18.70
2009-09-15,1.79,1.83,1.76,1.83,16400,18.30
2009-09-14,1.73,1.78,1.68,1.75,88500,17.50
2009-09-11,1.70,1.73,1.68,1.70,9500,17.00
2009-09-10,1.72,1.78,1.70,1.73,21700,17.30
2009-09-09,1.68,1.79,1.65,1.77,8000,17.70
2009-09-08,1.70,1.74,1.67,1.71,7200,17.10
2009-09-04,1.57,1.70,1.57,1.70,6800,17.00
2009-09-03,1.55,1.62,1.51,1.60,18100,16.00
2009-09-02,1.60,1.63,1.55,1.55,7400,15.50
2009-09-01,1.73,1.74,1.57,1.60,19800,16.00
2009-08-31,1.80,1.80,1.69,1.71,15800,17.10
2009-08-28,1.77,1.80,1.77,1.80,10000,18.00
2009-08-27,1.78,1.81,1.75,1.75,17800,17.50
2009-08-26,1.80,1.80,1.77,1.80,6500,18.00
2009-08-25,1.86,1.86,1.75,1.81,21200,18.10
2009-08-24,1.84,1.84,1.74,1.77,7600,17.70
2009-08-21,1.88,1.90,1.79,1.80,77600,18.00
2009-08-20,1.88,1.89,1.75,1.89,10600,18.90
2009-08-19,1.78,1.89,1.74,1.89,46100,18.90
2009-08-18,1.76,1.81,1.75,1.80,1600,18.00
2009-08-17,1.76,1.82,1.71,1.79,39700,17.90
2009-08-14,1.83,1.85,1.73,1.85,31100,18.50
2009-08-13,1.82,1.85,1.74,1.84,29800,18.40
2009-08-12,1.83,1.87,1.76,1.85,18100,18.50
2009-08-11,1.80,1.88,1.66,1.87,2600,18.70
2009-08-10,1.84,1.87,1.80,1.85,16000,18.50
2009-08-07,1.75,1.82,1.75,1.82,20600,18.20
2009-08-06,1.70,1.77,1.68,1.75,15200,17.50
2009-08-05,1.72,1.74,1.70,1.71,1800,17.10
2009-08-04,1.70,1.75,1.67,1.75,5300,17.50
2009-08-03,1.79,1.79,1.73,1.76,6800,17.60
2009-07-31,1.61,1.79,1.61,1.76,27400,17.60
2009-07-30,1.61,1.65,1.60,1.64,1300,16.40
2009-07-29,1.62,1.63,1.58,1.63,1500,16.30
2009-07-28,1.61,1.66,1.60,1.61,2900,16.10
2009-07-27,1.57,1.67,1.57,1.65,1600,16.50
2009-07-24,1.58,1.64,1.58,1.60,1100,16.00
2009-07-23,1.58,1.69,1.58,1.63,6600,16.30
2009-07-22,1.55,1.66,1.53,1.59,16700,15.90
2009-07-21,1.58,1.61,1.55,1.55,3600,15.50
2009-07-20,1.64,1.64,1.50,1.55,1600,15.50
2009-07-17,1.57,1.64,1.52,1.64,900,16.40
2009-07-16,1.52,1.60,1.50,1.60,17900,16.00
2009-07-15,1.50,1.56,1.48,1.53,11500,15.30
2009-07-14,1.48,1.53,1.48,1.53,800,15.30
2009-07-13,1.50,1.53,1.48,1.50,11100,15.00
2009-07-10,1.51,1.51,1.49,1.49,200,14.90
2009-07-09,1.55,1.56,1.50,1.50,600,15.00
2009-07-08,1.48,1.51,1.44,1.48,9500,14.80
2009-07-07,1.51,1.52,1.50,1.52,700,15.20
2009-07-06,1.56,1.59,1.51,1.51,2600,15.10
2009-07-02,1.58,1.60,1.56,1.56,4200,15.60
2009-07-01,1.63,1.65,1.58,1.61,1100,16.10
2009-06-30,1.62,1.65,1.57,1.60,5500,16.00
2009-06-29,1.68,1.70,1.66,1.70,400,17.00
2009-06-26,1.74,1.74,1.65,1.71,1000,17.10
2009-06-25,1.71,1.71,1.58,1.67,10900,16.70
2009-06-24,1.68,1.72,1.66,1.67,300,16.70
2009-06-23,1.72,1.79,1.72,1.73,400,17.30
2009-06-22,1.62,1.76,1.62,1.73,2800,17.30
2009-06-19,1.73,1.75,1.70,1.71,2800,17.10
2009-06-18,1.71,1.75,1.71,1.72,2500,17.20
2009-06-17,1.74,1.74,1.71,1.72,1700,17.20
2009-06-16,1.68,1.74,1.65,1.72,5700,17.20
2009-06-15,1.70,1.73,1.60,1.64,2600,16.40
2009-06-12,1.72,1.78,1.67,1.67,2700,16.70
2009-06-11,1.77,1.81,1.75,1.80,10100,18.00
2009-06-10,1.78,1.80,1.71,1.74,5600,17.40
2009-06-09,1.68,1.80,1.67,1.79,30400,17.90
2009-06-08,1.77,1.79,1.65,1.74,18200,17.40
2009-06-05,1.67,1.77,1.60,1.77,38200,17.70
2009-06-04,1.65,1.70,1.65,1.70,4500,17.00
2009-06-03,1.63,1.71,1.60,1.68,8300,16.80
2009-06-02,1.53,1.60,1.51,1.60,3600,16.00
2009-06-01,1.52,1.60,1.51,1.56,5000,15.60
2009-05-29,1.50,1.53,1.49,1.49,4700,14.90
2009-05-28,1.59,1.61,1.45,1.51,5800,15.10
2009-05-27,1.51,1.56,1.51,1.56,3600,15.60
2009-05-26,1.52,1.60,1.49,1.49,3200,14.90
2009-05-22,1.59,1.64,1.53,1.53,1600,15.30
2009-05-21,1.65,1.65,1.61,1.62,2900,16.20
2009-05-20,1.67,1.70,1.64,1.64,15400,16.40
2009-05-19,1.59,1.69,1.58,1.66,44300,16.60
2009-05-18,1.51,1.60,1.51,1.59,5700,15.90
2009-05-15,1.45,1.56,1.45,1.55,7400,15.50
2009-05-14,1.45,1.47,1.41,1.47,8600,14.70
2009-05-13,1.46,1.48,1.43,1.46,2300,14.60
2009-05-12,1.49,1.50,1.40,1.46,27300,14.60
2009-05-11,1.40,1.50,1.39,1.48,8900,14.80
2009-05-08,1.36,1.44,1.36,1.39,5500,13.90
2009-05-07,1.41,1.42,1.34,1.36,61900,13.60
2009-05-06,1.48,1.54,1.35,1.43,39200,14.30
2009-05-05,1.52,1.55,1.50,1.50,7100,15.00
2009-05-04,1.57,1.60,1.53,1.55,13400,15.50
2009-05-01,1.52,1.65,1.50,1.60,8200,16.00
2009-04-30,1.50,1.50,1.45,1.48,2000,14.80
2009-04-29,1.36,1.50,1.36,1.45,12400,14.50
2009-04-28,1.36,1.41,1.33,1.39,19000,13.90
2009-04-27,1.37,1.40,1.35,1.38,4500,13.80
2009-04-24,1.35,1.39,1.32,1.37,15100,13.70
2009-04-23,1.44,1.45,1.29,1.31,23600,13.10
2009-04-22,1.56,1.56,1.34,1.40,46300,14.00
2009-04-21,1.42,1.47,1.41,1.46,2500,14.60
2009-04-20,1.48,1.56,1.43,1.47,1700,14.70
2009-04-17,1.51,1.58,1.46,1.52,2800,15.20
2009-04-16,1.51,1.58,1.47,1.55,7300,15.50
2009-04-15,1.47,1.49,1.45,1.47,1400,14.70
2009-04-14,1.46,1.51,1.45,1.49,4400,14.90
2009-04-13,1.46,1.55,1.46,1.49,2500,14.90
2009-04-09,1.53,1.55,1.49,1.49,6900,14.90
2009-04-08,1.33,1.53,1.31,1.50,9700,15.00
2009-04-07,1.41,1.41,1.29,1.32,3400,13.20
2009-04-06,1.50,1.50,1.43,1.43,1900,14.30
2009-04-03,1.46,1.55,1.46,1.49,5600,14.90
2009-04-02,1.47,1.51,1.46,1.50,5400,15.00
2009-04-01,1.41,1.47,1.41,1.47,3700,14.70
2009-03-31,1.37,1.46,1.31,1.40,5500,14.00
2009-03-30,1.33,1.40,1.29,1.39,4400,13.90
2009-03-27,1.30,1.46,1.29,1.33,8200,13.30
2009-03-26,1.32,1.43,1.26,1.34,8600,13.40
2009-03-25,1.30,1.48,1.25,1.39,33500,13.90
2009-03-24,1.25,1.32,1.21,1.26,13300,12.60
2009-03-23,1.31,1.39,1.23,1.25,8900,12.50
2009-03-20,1.28,1.36,1.24,1.31,2300,13.10
2009-03-19,1.29,1.36,1.22,1.29,2400,12.90
2009-03-18,1.36,1.43,1.31,1.34,1900,13.40
2009-03-17,1.25,1.41,1.23,1.36,5400,13.60
2009-03-16,1.36,1.51,1.30,1.30,3400,13.00
2009-03-13,1.22,1.45,1.22,1.40,22000,14.00
2009-03-12,1.30,1.31,1.23,1.26,19300,12.60
2009-03-11,1.20,1.34,1.20,1.34,2500,13.40
2009-03-10,1.22,1.36,1.22,1.24,8600,12.40
2009-03-09,1.16,1.26,1.16,1.23,7100,12.30
2009-03-06,1.18,1.21,1.15,1.20,8000,12.00
2009-03-05,1.27,1.27,1.15,1.21,4500,12.10
2009-03-04,1.33,1.36,1.24,1.25,6500,12.50
2009-03-03,1.26,1.31,1.23,1.29,20400,12.90
2009-03-02,1.37,1.40,1.20,1.21,4100,12.10
2009-02-27,1.17,1.43,1.17,1.43,4600,14.30
