Date,Open,High,Low,Close,Volume,Adj Close
2015-02-13,11.61,11.61,11.61,11.61,000,11.61
2015-02-12,11.12,11.61,11.12,11.61,300,11.61
2015-02-11,11.50,11.50,11.25,11.25,1800,11.25
2015-02-10,11.07,11.22,11.07,11.20,700,11.20
2015-02-09,11.40,11.40,11.40,11.40,000,11.40
2015-02-06,11.70,11.70,11.40,11.40,2000,11.40
2015-02-05,11.21,12.00,10.64,10.64,1600,10.64
2015-02-04,11.98,11.98,11.98,11.98,000,11.98
2015-02-03,12.00,12.00,11.96,11.98,2100,11.98
2015-02-02,11.58,11.90,11.58,11.63,5700,11.63
2015-01-30,11.50,11.50,10.18,11.50,1600,11.50
2015-01-29,11.75,11.75,11.60,11.60,600,11.60
2015-01-28,12.58,12.58,10.70,11.50,3900,11.50
2015-01-27,11.60,11.63,11.60,11.63,700,11.63
2015-01-26,12.72,12.72,11.80,11.91,5800,11.91
2015-01-23,11.70,11.70,11.70,11.70,200,11.70
2015-01-22,11.65,12.75,11.20,11.95,10700,11.95
2015-01-21,12.00,12.00,12.00,12.00,1000,12.00
2015-01-20,12.75,12.75,12.75,12.75,000,12.75
2015-01-16,12.75,12.75,12.75,12.75,100,12.75
2015-01-15,12.25,12.25,12.25,12.25,000,12.25
2015-01-14,12.30,12.30,12.25,12.25,300,12.25
2015-01-13,12.35,12.35,12.35,12.35,100,12.35
2015-01-12,11.95,12.21,11.65,12.21,1200,12.21
2015-01-09,12.25,12.25,12.15,12.21,700,12.21
2015-01-08,12.10,12.10,12.10,12.10,1000,12.10
2015-01-07,11.66,11.66,11.66,11.66,000,11.66
2015-01-06,11.66,11.66,11.66,11.66,500,11.66
2015-01-05,11.73,11.73,11.65,11.65,2500,11.65
2015-01-02,11.80,11.80,11.75,11.75,9900,11.75
2014-12-31,12.10,12.10,11.85,11.85,1600,11.85
2014-12-30,11.85,11.85,11.85,11.85,1500,11.85
2014-12-29,11.75,11.75,11.75,11.75,000,11.75
2014-12-26,11.75,11.75,11.75,11.75,000,11.75
2014-12-24,11.75,11.75,11.75,11.75,1300,11.67
2014-12-23,11.50,11.50,11.50,11.50,1300,11.43
2014-12-22,11.50,12.10,11.50,12.10,1700,12.02
2014-12-19,11.55,11.88,11.50,11.50,800,11.43
2014-12-18,11.60,11.60,11.60,11.60,300,11.53
2014-12-17,11.30,11.75,11.25,11.75,17200,11.67
2014-12-16,11.00,11.25,11.00,11.25,3600,11.18
2014-12-15,11.15,11.25,11.00,11.25,6800,11.18
2014-12-12,11.00,11.00,11.00,11.00,4200,10.93
2014-12-11,11.20,11.20,10.75,10.97,400,10.90
2014-12-10,10.85,11.40,10.85,11.00,6500,10.93
2014-12-09,10.82,10.82,10.82,10.82,000,10.75
2014-12-08,10.83,10.83,10.82,10.82,800,10.75
2014-12-05,11.15,11.15,11.15,11.15,000,11.08
2014-12-04,11.15,11.15,11.15,11.15,000,11.08
2014-12-03,11.15,11.15,11.15,11.15,000,11.08
2014-12-02,11.20,11.20,11.15,11.15,900,11.08
2014-12-01,11.80,11.80,11.80,11.80,100,11.72
2014-11-28,11.50,11.80,11.50,11.80,1700,11.72
2014-11-26,11.25,11.25,11.25,11.25,500,11.18
2014-11-25,10.82,11.22,10.82,11.22,6800,11.15
2014-11-24,10.75,10.76,10.75,10.76,700,10.69
2014-11-21,10.77,10.77,10.77,10.77,000,10.70
2014-11-20,10.77,10.82,10.74,10.77,7700,10.70
2014-11-19,11.00,11.25,11.00,11.22,2000,11.15
2014-11-18,11.00,11.00,11.00,11.00,200,10.93
2014-11-17,10.75,10.75,10.75,10.75,000,10.68
2014-11-14,10.75,10.75,10.75,10.75,500,10.68
2014-11-13,10.80,10.80,10.75,10.75,1100,10.68
2014-11-12,10.75,10.75,10.75,10.75,000,10.68
2014-11-11,10.75,10.75,10.75,10.75,000,10.68
2014-11-10,10.80,10.90,10.75,10.75,2800,10.68
2014-11-07,10.40,10.85,9.95,10.78,6500,10.71
2014-11-06,10.73,10.73,10.73,10.73,200,10.66
2014-11-05,10.40,10.40,10.40,10.40,300,10.33
2014-11-04,10.06,10.46,10.06,10.40,2400,10.33
2014-11-03,10.40,10.67,10.39,10.39,1300,10.32
2014-10-31,10.74,10.74,10.74,10.74,800,10.67
2014-10-30,10.75,10.75,10.75,10.75,000,10.68
2014-10-29,10.75,10.75,10.75,10.75,000,10.68
2014-10-28,10.75,10.75,10.75,10.75,100,10.68
2014-10-27,10.12,11.00,10.12,10.80,2100,10.73
2014-10-24,10.93,10.93,10.93,10.93,000,10.86
2014-10-23,10.93,10.93,10.93,10.93,000,10.86
2014-10-22,10.93,10.93,10.93,10.93,000,10.86
2014-10-21,10.93,10.93,10.93,10.93,000,10.86
2014-10-20,10.86,10.93,10.86,10.93,800,10.86
2014-10-17,10.84,10.84,10.84,10.84,100,10.77
2014-10-16,10.84,10.84,10.84,10.84,000,10.77
2014-10-15,10.84,10.84,10.84,10.84,100,10.77
2014-10-14,10.23,10.70,10.23,10.50,600,10.43
2014-10-13,11.00,11.00,11.00,11.00,000,10.93
2014-10-10,11.00,11.00,11.00,11.00,000,10.93
2014-10-09,11.00,11.00,11.00,11.00,000,10.93
2014-10-08,11.00,11.00,11.00,11.00,000,10.93
2014-10-07,10.86,11.00,10.86,11.00,400,10.93
2014-10-06,11.05,11.29,10.18,11.29,4000,11.22
2014-10-03,11.00,11.00,11.00,11.00,100,10.93
2014-10-02,11.13,11.50,11.10,11.50,3600,11.43
2014-10-01,11.15,11.35,11.15,11.28,1400,11.21
2014-09-30,11.30,11.30,11.30,11.30,400,11.23
2014-09-29,11.30,11.30,11.30,11.30,000,11.23
2014-09-26,11.21,11.35,11.21,11.30,3200,11.23
2014-09-25,11.50,11.50,11.11,11.15,800,11.08
2014-09-24,10.85,11.50,10.85,11.50,3300,11.43
2014-09-23,10.74,11.56,10.74,11.30,3600,11.23
2014-09-22,11.80,11.80,11.26,11.62,1100,11.55
2014-09-19,10.84,11.85,10.84,11.01,12500,10.89
2014-09-18,11.47,11.85,10.28,11.47,10000,11.35
2014-09-17,11.70,11.70,11.29,11.43,2200,11.31
2014-09-16,12.00,12.00,11.02,11.45,3900,11.33
2014-09-15,12.00,12.00,11.90,11.90,3900,11.77
2014-09-12,11.97,12.00,11.97,12.00,2600,11.87
2014-09-11,11.30,12.00,11.30,12.00,3600,11.87
2014-09-10,11.28,12.00,11.28,11.91,3800,11.78
2014-09-09,11.62,11.99,11.26,11.67,3200,11.54
2014-09-08,11.63,12.00,11.59,11.97,10900,11.84
2014-09-05,11.35,11.35,11.35,11.35,700,11.23
2014-09-04,11.30,11.70,11.30,11.35,6400,11.23
2014-09-03,11.15,11.15,11.15,11.15,1700,11.03
2014-09-02,11.33,11.33,11.33,11.33,000,11.21
2014-08-29,11.64,11.65,11.33,11.33,900,11.21
2014-08-28,11.63,11.64,11.63,11.64,500,11.51
2014-08-27,11.66,11.68,11.40,11.65,7800,11.52
2014-08-26,11.38,11.68,11.38,11.49,7300,11.36
2014-08-25,11.00,11.00,11.00,11.00,300,10.88
2014-08-22,11.90,11.90,11.75,11.80,10800,11.67
2014-08-21,11.75,11.80,11.49,11.78,3600,11.65
2014-08-20,11.49,11.49,11.49,11.49,000,11.36
2014-08-19,11.28,11.57,11.28,11.49,2300,11.36
2014-08-18,11.60,11.60,11.60,11.60,000,11.47
2014-08-15,11.60,11.60,11.60,11.60,000,11.47
2014-08-14,11.75,11.75,11.60,11.60,2600,11.47
2014-08-13,11.75,11.75,11.75,11.75,000,11.62
2014-08-12,11.75,11.75,11.75,11.75,26200,11.62
2014-08-11,11.95,11.95,11.95,11.95,000,11.82
2014-08-08,11.95,11.95,11.95,11.95,000,11.82
2014-08-07,11.95,11.95,11.95,11.95,000,11.82
2014-08-06,11.95,11.95,11.95,11.95,000,11.82
2014-08-05,11.95,11.95,11.95,11.95,000,11.82
2014-08-04,11.95,11.95,11.95,11.95,1500,11.82
2014-08-01,11.90,11.90,11.90,11.90,200,11.77
2014-07-31,11.95,11.95,11.90,11.90,1300,11.77
2014-07-30,11.95,11.95,11.95,11.95,5100,11.82
2014-07-29,12.15,12.15,12.15,12.15,500,12.02
2014-07-28,12.15,12.20,12.05,12.15,7400,12.02
2014-07-25,12.50,12.50,12.50,12.50,000,12.36
2014-07-24,12.50,12.50,12.50,12.50,100,12.36
2014-07-23,12.50,12.50,12.50,12.50,000,12.36
2014-07-22,12.47,12.57,12.47,12.50,1300,12.36
2014-07-21,12.74,12.74,12.59,12.60,1300,12.46
2014-07-18,12.50,12.50,12.50,12.50,18600,12.36
2014-07-17,13.50,13.50,13.21,13.21,500,13.07
2014-07-16,13.09,13.09,13.09,13.09,000,12.95
2014-07-15,13.04,13.09,13.04,13.09,800,12.95
2014-07-14,13.45,13.45,13.45,13.45,000,13.30
2014-07-11,13.45,13.45,13.45,13.45,000,13.30
2014-07-10,13.45,13.45,13.45,13.45,200,13.30
2014-07-09,13.70,13.70,12.26,12.36,1700,12.23
2014-07-08,12.05,12.05,12.05,12.05,000,11.92
2014-07-07,12.05,12.05,12.05,12.05,100,11.92
2014-07-03,13.25,13.25,13.25,13.25,400,13.11
2014-07-02,13.00,13.00,13.00,13.00,000,12.86
2014-07-01,13.10,13.20,12.76,13.00,4400,12.81
2014-06-30,13.00,13.38,12.17,12.90,1100,12.71
2014-06-27,12.16,12.16,12.16,12.16,1400,11.98
2014-06-26,12.43,12.43,12.43,12.43,500,12.25
2014-06-25,13.47,13.47,13.05,13.05,1400,12.86
2014-06-24,13.53,13.53,13.53,13.53,000,13.33
2014-06-23,13.53,13.53,13.53,13.53,000,13.33
2014-06-20,12.50,13.53,12.50,13.53,800,13.33
2014-06-19,12.78,12.78,12.78,12.78,000,12.59
2014-06-18,12.78,12.78,12.78,12.78,000,12.59
2014-06-17,12.16,12.78,12.16,12.78,1200,12.59
2014-06-16,11.51,12.44,11.35,12.22,2400,12.04
2014-06-13,12.60,12.60,12.60,12.60,000,12.41
2014-06-12,12.60,12.60,12.60,12.60,000,12.41
2014-06-11,12.60,12.60,12.60,12.60,000,12.41
2014-06-10,12.60,12.60,12.60,12.60,100,12.41
2014-06-09,12.13,12.17,12.13,12.17,600,11.99
2014-06-06,12.17,12.17,12.17,12.17,400,11.99
2014-06-05,12.17,12.17,12.17,12.17,000,11.99
2014-06-04,12.17,12.17,12.17,12.17,000,11.99
2014-06-03,12.17,12.17,12.17,12.17,000,11.99
2014-06-02,12.35,12.35,12.17,12.17,1600,11.99
2014-05-30,11.95,11.95,11.95,11.95,200,11.77
2014-05-29,11.95,11.95,11.95,11.95,000,11.77
2014-05-28,11.95,11.95,11.95,11.95,000,11.77
2014-05-27,12.00,12.00,11.75,11.95,6100,11.77
2014-05-23,12.01,12.10,12.00,12.10,3400,11.92
2014-05-22,12.25,12.25,12.25,12.25,000,12.07
2014-05-21,12.25,12.25,12.25,12.25,000,12.07
2014-05-20,12.25,12.25,12.25,12.25,000,12.07
2014-05-19,12.10,12.34,12.10,12.25,2700,12.07
2014-05-16,12.36,12.36,12.36,12.36,000,12.18
2014-05-15,12.36,12.36,12.36,12.36,000,12.18
2014-05-14,12.36,12.36,12.36,12.36,000,12.18
2014-05-13,12.36,12.36,12.36,12.36,800,12.18
2014-05-12,12.75,12.78,12.69,12.69,1600,12.50
2014-05-09,12.50,12.97,12.33,12.97,400,12.78
2014-05-08,12.50,12.55,12.23,12.50,1100,12.32
2014-05-07,12.31,12.31,12.31,12.31,000,12.13
2014-05-06,12.25,12.31,12.01,12.31,40400,12.13
2014-05-05,12.33,12.50,12.26,12.38,4600,12.20
2014-05-02,12.39,12.50,12.07,12.35,2100,12.17
2014-05-01,12.01,12.99,12.01,12.43,1300,12.25
2014-04-30,13.00,13.00,13.00,13.00,000,12.81
2014-04-29,13.00,13.00,13.00,13.00,200,12.81
2014-04-28,13.74,13.75,13.48,13.50,3300,13.30
2014-04-25,12.65,12.65,12.65,12.65,000,12.46
2014-04-24,12.65,12.65,12.65,12.65,000,12.46
2014-04-23,12.65,12.65,12.65,12.65,000,12.46
2014-04-22,12.45,12.70,12.45,12.65,1600,12.46
2014-04-21,12.63,12.63,12.18,12.63,5700,12.44
2014-04-17,12.63,12.63,12.63,12.63,000,12.44
2014-04-16,12.00,12.79,12.00,12.63,25200,12.44
2014-04-15,12.01,12.20,11.68,12.20,14500,12.02
2014-04-14,12.39,13.25,12.00,12.15,31600,11.97
2014-04-11,13.61,13.65,12.20,13.34,3800,13.14
2014-04-10,13.32,13.32,13.32,13.32,000,13.12
2014-04-09,13.06,13.32,13.06,13.32,1200,13.12
2014-04-08,12.15,12.15,12.15,12.15,400,11.97
2014-04-07,13.88,13.88,13.88,13.88,000,13.68
2014-04-04,13.49,13.88,13.49,13.88,500,13.68
2014-04-03,13.65,13.71,13.65,13.71,300,13.51
2014-04-02,12.71,14.19,12.71,13.50,1900,13.30
2014-04-01,12.95,12.95,12.66,12.66,400,12.47
2014-03-31,13.92,14.10,12.52,12.54,8200,12.36
2014-03-28,13.99,13.99,13.50,13.50,2000,13.30
2014-03-27,13.50,15.06,13.47,13.78,9100,13.53
2014-03-26,12.99,13.00,12.98,12.98,1400,12.74
2014-03-25,12.60,12.60,12.60,12.60,100,12.37
2014-03-24,13.41,13.45,12.37,12.37,2800,12.14
2014-03-21,13.45,13.45,13.45,13.45,200,13.20
2014-03-20,13.48,13.70,13.25,13.70,6800,13.45
2014-03-19,13.10,13.81,13.05,13.25,5400,13.01
2014-03-18,12.95,12.95,12.95,12.95,300,12.71
2014-03-17,12.18,13.10,12.15,12.95,4400,12.71
2014-03-14,12.21,12.23,12.20,12.23,1700,12.01
2014-03-13,12.02,12.02,11.99,12.00,900,11.78
2014-03-12,12.09,12.09,12.01,12.02,1800,11.80
2014-03-11,12.00,12.24,11.90,12.02,340900,11.80
2014-03-10,11.85,11.85,11.85,11.85,4400,11.63
2014-03-07,11.97,12.00,11.92,12.00,3800,11.78
2014-03-06,11.95,11.95,11.95,11.95,000,11.73
2014-03-05,11.95,11.95,11.95,11.95,1000,11.73
2014-03-04,11.85,11.95,11.85,11.95,5200,11.73
2014-03-03,11.92,12.10,11.85,11.85,11900,11.63
2014-02-28,11.95,11.95,11.90,11.90,400,11.68
2014-02-27,11.90,11.90,11.90,11.90,000,11.68
2014-02-26,11.90,11.90,11.90,11.90,600,11.68
2014-02-25,11.95,11.95,11.95,11.95,000,11.73
2014-02-24,11.95,11.95,11.95,11.95,1200,11.73
2014-02-21,12.00,12.00,12.00,12.00,1800,11.78
2014-02-20,12.09,12.09,12.09,12.09,400,11.87
2014-02-19,12.10,12.20,12.05,12.08,17500,11.86
2014-02-18,11.65,12.20,11.65,12.02,19200,11.80
2014-02-14,11.40,11.59,11.40,11.59,1200,11.38
2014-02-13,11.12,11.89,11.12,11.75,31100,11.54
2014-02-12,11.00,11.00,11.00,11.00,000,10.80
2014-02-11,10.95,11.25,10.95,11.00,97200,10.80
2014-02-10,10.75,10.85,10.64,10.85,2100,10.65
2014-02-07,10.57,10.57,10.57,10.57,000,10.38
2014-02-06,10.57,10.57,10.57,10.57,000,10.38
2014-02-05,10.78,10.78,10.57,10.57,1900,10.38
2014-02-04,10.85,10.85,10.85,10.85,1100,10.65
2014-02-03,10.85,10.85,10.85,10.85,200,10.65
2014-01-31,10.85,10.85,10.75,10.75,1000,10.55
2014-01-30,10.43,10.85,10.43,10.65,182900,10.46
2014-01-29,10.85,10.85,10.10,10.25,93100,10.06
2014-01-28,10.86,10.86,10.86,10.86,000,10.66
2014-01-27,10.86,10.86,10.86,10.86,000,10.66
2014-01-24,10.86,10.86,10.86,10.86,000,10.66
2014-01-23,10.86,10.86,10.86,10.86,200,10.66
2014-01-22,10.85,10.85,10.85,10.85,100,10.65
2014-01-21,11.05,11.05,11.05,11.05,000,10.85
2014-01-17,11.03,11.05,10.43,11.05,5100,10.85
2014-01-16,11.00,11.00,11.00,11.00,000,10.80
2014-01-15,11.00,11.00,11.00,11.00,000,10.80
2014-01-14,11.25,11.25,11.00,11.00,2200,10.80
2014-01-13,11.52,11.52,11.52,11.52,1900,11.31
2014-01-10,10.39,10.39,10.39,10.39,000,10.20
2014-01-09,10.31,10.45,10.31,10.39,500,10.20
2014-01-08,10.15,10.35,10.15,10.35,12200,10.16
2014-01-07,10.02,10.02,9.98,10.00,8100,9.82
2014-01-06,10.00,10.10,9.95,10.05,12000,9.87
2014-01-03,9.90,10.00,9.90,9.95,28900,9.77
2014-01-02,9.90,9.90,9.86,9.86,1000,9.68
2013-12-31,9.76,9.90,9.76,9.90,7000,9.72
2013-12-30,9.92,9.92,9.80,9.84,1600,9.66
2013-12-27,9.90,9.90,9.90,9.90,300,9.72
2013-12-26,9.90,9.90,9.90,9.90,100,9.72
2013-12-24,9.85,9.95,9.85,9.90,2200,9.67
2013-12-23,9.75,10.00,9.70,9.96,7700,9.73
2013-12-20,9.70,9.80,9.70,9.70,1300,9.47
2013-12-19,9.76,9.76,9.65,9.75,1600,9.52
2013-12-18,9.74,9.90,9.63,9.65,4300,9.43
2013-12-17,9.67,9.68,9.45,9.65,6900,9.43
2013-12-16,9.75,10.14,9.54,9.67,10400,9.45
2013-12-13,9.49,9.50,9.49,9.50,4800,9.28
2013-12-12,9.40,9.40,9.40,9.40,000,9.18
2013-12-11,9.33,9.40,9.33,9.40,400,9.18
2013-12-10,9.30,9.30,9.30,9.30,300,9.08
2013-12-09,9.35,9.35,9.35,9.35,000,9.13
2013-12-06,9.35,9.39,9.35,9.35,2500,9.13
2013-12-05,9.24,9.37,9.24,9.37,400,9.15
2013-12-04,9.15,9.15,9.15,9.15,300,8.94
2013-12-03,9.25,9.30,9.25,9.30,800,9.08
2013-12-02,9.35,9.36,9.35,9.36,500,9.14
2013-11-29,9.75,9.75,9.75,9.75,300,9.52
2013-11-27,9.75,9.75,9.75,9.75,000,9.52
2013-11-26,9.50,9.83,9.50,9.75,5500,9.52
2013-11-25,9.50,9.50,9.45,9.50,1500,9.28
2013-11-22,9.51,9.51,9.51,9.51,100,9.29
2013-11-21,9.65,9.65,9.65,9.65,000,9.43
2013-11-20,9.65,9.65,9.65,9.65,000,9.43
2013-11-19,9.51,9.65,9.51,9.65,20500,9.43
2013-11-18,9.23,9.50,9.23,9.50,18800,9.28
2013-11-15,9.17,9.17,9.15,9.15,500,8.94
2013-11-14,9.17,9.17,9.17,9.17,300,8.96
2013-11-13,9.30,9.30,9.30,9.30,000,9.08
2013-11-12,9.30,9.30,9.30,9.30,000,9.08
2013-11-11,9.30,9.30,9.30,9.30,000,9.08
2013-11-08,9.13,9.30,9.13,9.30,7500,9.08
2013-11-07,9.10,9.10,9.10,9.10,000,8.89
2013-11-06,9.10,9.10,9.10,9.10,000,8.89
2013-11-05,9.10,9.11,9.10,9.10,700,8.89
2013-11-04,9.19,9.19,9.15,9.15,13500,8.94
2013-11-01,9.15,9.15,9.15,9.15,000,8.94
2013-10-31,9.15,9.26,9.14,9.15,11900,8.94
2013-10-30,9.14,9.33,9.14,9.33,300,9.11
2013-10-29,9.05,9.15,9.05,9.15,1800,8.94
2013-10-28,9.05,9.31,9.05,9.10,15200,8.89
2013-10-25,9.00,9.00,9.00,9.00,000,8.79
2013-10-24,8.85,9.00,8.74,9.00,17100,8.79
2013-10-23,8.79,8.79,8.79,8.79,300,8.59
2013-10-22,8.80,8.94,8.80,8.94,400,8.73
2013-10-21,8.74,8.75,8.74,8.75,600,8.55
2013-10-18,8.75,8.75,8.75,8.75,000,8.55
2013-10-17,8.75,8.75,8.74,8.75,13400,8.55
2013-10-16,8.75,8.78,8.74,8.78,3400,8.58
2013-10-15,8.78,8.80,8.74,8.74,1100,8.54
2013-10-14,8.80,8.80,8.80,8.80,000,8.60
2013-10-11,8.69,8.90,8.69,8.80,8400,8.60
2013-10-10,8.65,8.95,8.38,8.90,19700,8.69
2013-10-09,8.60,8.75,8.60,8.60,2300,8.40
2013-10-08,8.66,8.75,8.62,8.62,700,8.42
2013-10-07,8.85,8.85,8.57,8.60,2600,8.40
2013-10-04,9.00,9.00,9.00,9.00,000,8.79
2013-10-03,9.00,9.00,9.00,9.00,1200,8.79
2013-10-02,9.05,9.09,8.89,9.09,8800,8.88
2013-10-01,9.00,9.00,9.00,9.00,200,8.79
2013-09-30,9.29,9.29,9.09,9.10,5200,8.89
2013-09-27,9.04,9.04,9.04,9.04,100,8.79
2013-09-26,9.12,9.12,9.01,9.01,300,8.76
2013-09-25,9.25,9.27,9.25,9.27,7600,9.01
2013-09-24,9.23,9.25,9.20,9.20,11400,8.95
2013-09-23,9.04,9.20,9.00,9.20,13100,8.95
2013-09-20,9.00,9.00,9.00,9.00,1200,8.75
2013-09-19,9.45,9.45,9.45,9.45,000,9.19
2013-09-18,9.02,9.45,9.02,9.45,400,9.19
2013-09-17,9.02,9.45,9.02,9.30,1000,9.04
2013-09-16,9.51,9.51,9.00,9.29,3700,9.03
2013-09-13,9.51,9.51,9.51,9.51,000,9.25
2013-09-12,9.51,9.51,9.51,9.51,000,9.25
2013-09-11,9.51,9.51,9.51,9.51,000,9.25
2013-09-10,9.54,9.54,9.51,9.51,300,9.25
2013-09-09,9.22,9.47,9.20,9.46,2300,9.20
2013-09-06,9.44,9.44,9.44,9.44,000,9.18
2013-09-05,9.44,9.44,9.44,9.44,000,9.18
2013-09-04,9.44,9.44,9.44,9.44,000,9.18
2013-09-03,9.15,9.44,9.15,9.44,400,9.18
2013-08-30,9.52,9.52,9.49,9.49,300,9.23
2013-08-29,9.51,9.51,9.50,9.50,200,9.24
2013-08-28,9.41,9.41,9.41,9.41,300,9.15
2013-08-27,9.46,9.46,9.46,9.46,000,9.20
2013-08-26,9.46,9.46,9.46,9.46,000,9.20
2013-08-23,9.46,9.46,9.46,9.46,200,9.20
2013-08-22,9.52,9.52,9.52,9.52,000,9.26
2013-08-21,9.40,9.57,9.40,9.52,1400,9.26
2013-08-20,9.62,9.62,9.35,9.50,800,9.24
2013-08-19,9.43,10.09,9.37,9.61,11200,9.35
2013-08-16,9.44,9.44,9.44,9.44,000,9.18
2013-08-15,9.44,9.44,9.44,9.44,500,9.18
2013-08-14,9.46,9.46,9.46,9.46,800,9.20
2013-08-13,9.25,9.25,9.25,9.25,000,9.00
2013-08-12,9.15,9.25,9.15,9.25,12700,9.00
2013-08-09,9.15,9.15,9.15,9.15,5100,8.90
2013-08-08,9.35,9.35,9.15,9.15,10200,8.90
2013-08-07,9.30,9.30,9.30,9.30,400,9.04
2013-08-06,9.10,9.10,9.10,9.10,1700,8.85
2013-08-05,9.14,9.23,9.10,9.10,1700,8.85
2013-08-02,9.10,9.14,9.10,9.14,1200,8.89
2013-08-01,9.21,9.25,9.11,9.11,400,8.86
2013-07-31,9.16,9.29,9.05,9.10,19900,8.85
2013-07-30,9.10,9.50,9.07,9.11,18700,8.86
2013-07-29,8.89,9.25,8.89,9.03,29300,8.78
2013-07-26,8.81,8.81,8.61,8.61,900,8.37
2013-07-25,8.93,8.93,8.93,8.93,000,8.68
2013-07-24,8.93,8.93,8.93,8.93,000,8.68
2013-07-23,8.93,8.93,8.93,8.93,000,8.68
2013-07-22,8.93,8.93,8.93,8.93,000,8.68
2013-07-19,8.93,8.93,8.93,8.93,000,8.68
2013-07-18,8.93,8.93,8.93,8.93,000,8.68
2013-07-17,9.05,9.05,8.87,8.93,5900,8.68
2013-07-16,8.90,8.90,8.90,8.90,000,8.65
2013-07-15,8.90,8.90,8.90,8.90,000,8.65
2013-07-12,8.90,8.90,8.90,8.90,000,8.65
2013-07-11,8.92,8.93,8.90,8.90,1600,8.65
2013-07-10,9.05,9.05,9.05,9.05,000,8.80
2013-07-09,9.05,9.05,9.05,9.05,200,8.80
2013-07-08,9.05,9.05,9.05,9.05,100,8.80
2013-07-05,8.70,8.70,8.70,8.70,000,8.46
2013-07-03,8.70,8.70,8.70,8.70,000,8.46
2013-07-02,8.95,8.95,8.70,8.70,3100,8.42
2013-07-01,8.83,8.90,8.80,8.90,2100,8.61
2013-06-28,8.88,8.88,8.88,8.88,600,8.60
2013-06-27,8.60,8.60,8.60,8.60,000,8.32
2013-06-26,8.60,8.60,8.60,8.60,100,8.32
2013-06-25,8.65,8.65,8.65,8.65,000,8.37
2013-06-24,8.65,8.65,8.65,8.65,5700,8.37
2013-06-21,8.70,8.70,8.70,8.70,000,8.42
2013-06-20,8.70,8.70,8.70,8.70,000,8.42
2013-06-19,8.70,8.70,8.70,8.70,000,8.42
2013-06-18,8.70,8.70,8.70,8.70,000,8.42
2013-06-17,8.70,8.70,8.70,8.70,100,8.42
2013-06-14,8.65,8.65,8.65,8.65,1000,8.37
2013-06-13,8.85,8.85,8.85,8.85,000,8.57
2013-06-12,8.85,8.85,8.85,8.85,000,8.57
2013-06-11,8.85,8.85,8.85,8.85,000,8.57
2013-06-10,8.85,8.85,8.85,8.85,000,8.57
2013-06-07,8.85,8.85,8.85,8.85,600,8.57
2013-06-06,8.80,8.85,8.80,8.85,1000,8.57
2013-06-05,8.75,8.75,8.75,8.75,000,8.47
2013-06-04,8.84,8.84,8.75,8.75,1100,8.47
2013-06-03,8.85,8.85,8.80,8.85,2100,8.57
2013-05-31,8.76,8.95,8.76,8.85,3600,8.57
2013-05-30,8.95,8.96,8.94,8.95,2400,8.66
2013-05-29,8.95,8.95,8.95,8.95,000,8.66
2013-05-28,8.95,8.95,8.95,8.95,300,8.66
2013-05-24,8.90,8.90,8.90,8.90,000,8.61
2013-05-23,8.90,8.90,8.90,8.90,000,8.61
2013-05-22,8.98,9.05,8.85,8.90,12300,8.61
2013-05-21,9.04,9.04,9.04,9.04,000,8.75
2013-05-20,8.38,9.04,8.38,9.04,2800,8.75
2013-05-17,8.63,8.65,8.45,8.45,1500,8.18
2013-05-16,8.85,8.85,8.65,8.65,3200,8.37
2013-05-15,8.49,8.65,8.49,8.64,1500,8.36
2013-05-14,8.53,8.53,8.53,8.53,000,8.26
2013-05-13,8.53,8.53,8.53,8.53,100,8.26
2013-05-10,8.41,8.41,8.41,8.41,000,8.14
2013-05-09,8.32,8.44,8.32,8.41,3700,8.14
2013-05-08,8.33,8.33,8.25,8.25,900,7.99
2013-05-07,8.55,8.55,8.25,8.35,3000,8.08
2013-05-06,8.65,8.65,8.59,8.59,5100,8.31
2013-05-03,8.62,8.65,8.60,8.65,2000,8.37
2013-05-02,8.66,8.66,8.62,8.62,700,8.34
2013-05-01,8.80,8.80,8.61,8.67,2900,8.39
2013-04-30,8.70,9.00,8.70,8.75,2200,8.47
2013-04-29,8.91,8.91,8.91,8.91,100,8.62
2013-04-26,8.75,8.98,8.75,8.98,300,8.69
2013-04-25,8.76,8.93,8.75,8.93,1100,8.64
2013-04-24,8.99,8.99,8.99,8.99,000,8.70
2013-04-23,8.99,8.99,8.99,8.99,400,8.70
2013-04-22,8.93,9.00,8.93,9.00,700,8.71
2013-04-19,8.87,8.87,8.85,8.85,700,8.57
2013-04-18,8.79,9.09,8.79,9.09,200,8.80
2013-04-17,8.78,9.10,8.61,9.10,2100,8.81
2013-04-16,8.95,8.95,8.95,8.95,300,8.66
2013-04-15,9.05,9.05,8.95,8.95,1500,8.66
2013-04-12,8.99,9.10,8.85,9.10,500,8.81
2013-04-11,9.03,9.03,9.03,9.03,000,8.74
2013-04-10,9.03,9.03,9.03,9.03,000,8.74
2013-04-09,9.03,9.03,9.03,9.03,000,8.74
2013-04-08,9.03,9.03,9.03,9.03,000,8.74
2013-04-05,9.01,9.03,9.01,9.03,500,8.74
2013-04-04,8.72,8.72,8.72,8.72,000,8.44
2013-04-03,9.02,9.02,8.72,8.72,600,8.44
2013-04-02,9.11,9.11,9.11,9.11,900,8.78
2013-04-01,9.25,9.25,9.25,9.25,300,8.91
2013-03-28,9.21,9.21,9.21,9.21,600,8.88
2013-03-27,8.86,9.21,8.86,9.21,400,8.88
2013-03-26,8.90,8.91,8.66,8.85,26800,8.53
2013-03-25,9.00,9.00,9.00,9.00,000,8.67
2013-03-22,9.05,9.05,8.99,9.00,3300,8.67
2013-03-21,8.83,9.22,8.83,9.22,4200,8.89
2013-03-20,8.85,9.00,8.85,8.90,3400,8.58
2013-03-19,8.94,8.94,8.94,8.94,100,8.62
2013-03-18,9.20,9.20,8.91,8.91,600,8.59
2013-03-15,9.25,9.25,8.85,9.25,800,8.91
2013-03-14,9.18,9.25,8.95,9.24,58300,8.90
2013-03-13,9.14,9.19,9.14,9.14,1100,8.81
2013-03-12,9.20,9.20,9.14,9.14,500,8.81
2013-03-11,8.96,9.20,8.96,9.20,600,8.87
2013-03-08,8.85,9.09,8.85,9.09,2100,8.76
2013-03-07,8.65,8.90,8.65,8.90,1600,8.58
2013-03-06,8.65,8.95,8.65,8.65,1900,8.34
2013-03-05,8.51,8.65,8.45,8.65,3200,8.34
2013-03-04,8.46,8.55,8.45,8.55,7800,8.24
2013-03-01,8.55,8.55,8.37,8.55,1800,8.24
2013-02-28,8.70,8.70,8.67,8.67,300,8.36
2013-02-27,8.50,8.50,8.50,8.50,600,8.19
2013-02-26,8.35,8.35,8.35,8.35,000,8.05
2013-02-25,8.35,8.35,8.35,8.35,100,8.05
2013-02-22,8.20,8.35,8.20,8.35,500,8.05
2013-02-21,8.55,8.55,8.25,8.25,1100,7.95
2013-02-20,8.51,8.51,8.51,8.51,000,8.20
2013-02-19,8.55,8.55,8.29,8.51,1300,8.20
2013-02-15,8.60,8.60,8.55,8.55,3000,8.24
2013-02-14,8.52,8.60,8.50,8.60,1500,8.29
2013-02-13,8.51,8.67,8.50,8.50,4700,8.19
2013-02-12,8.44,8.55,8.44,8.55,11600,8.24
2013-02-11,8.50,8.60,8.46,8.48,7500,8.17
2013-02-08,8.50,8.50,8.50,8.50,000,8.19
2013-02-07,8.50,8.50,8.50,8.50,100,8.19
2013-02-06,8.40,8.40,8.00,8.40,1000,8.10
2013-02-05,8.38,8.40,8.38,8.40,3600,8.10
2013-02-04,8.50,8.50,8.40,8.49,13400,8.18
2013-02-01,8.15,8.49,8.15,8.49,5900,8.18
2013-01-31,7.90,8.15,7.90,8.15,11400,7.85
2013-01-30,7.70,7.90,7.57,7.90,11400,7.61
2013-01-29,7.74,7.76,7.74,7.76,1000,7.48
2013-01-28,7.50,7.61,7.50,7.61,3200,7.33
2013-01-25,7.25,7.40,7.25,7.40,3900,7.13
2013-01-24,7.29,7.40,7.25,7.40,13800,7.13
2013-01-23,7.26,7.38,7.25,7.35,11300,7.08
2013-01-22,7.41,7.41,7.41,7.41,000,7.14
2013-01-18,7.41,7.41,7.41,7.41,000,7.14
2013-01-17,7.41,7.41,7.41,7.41,000,7.14
2013-01-16,7.19,7.41,7.15,7.41,1100,7.14
2013-01-15,7.25,7.25,7.25,7.25,000,6.99
2013-01-14,7.25,7.25,7.25,7.25,000,6.99
2013-01-11,7.25,7.25,7.25,7.25,700,6.99
2013-01-10,7.10,7.24,7.10,7.24,800,6.98
2013-01-09,7.11,7.11,7.11,7.11,000,6.85
2013-01-08,7.11,7.11,7.11,7.11,000,6.85
2013-01-07,7.11,7.11,7.11,7.11,400,6.85
2013-01-04,7.10,7.10,7.10,7.10,500,6.84
2013-01-03,7.10,7.10,7.10,7.10,2800,6.84
2013-01-02,7.09,7.09,7.09,7.09,000,6.83
2012-12-31,7.09,7.09,7.09,7.09,200,6.83
2012-12-28,7.09,7.09,7.09,7.09,300,6.83
2012-12-27,7.02,7.02,6.96,6.96,400,6.71
2012-12-26,7.02,7.02,7.00,7.00,5400,6.71
2012-12-24,7.00,7.00,7.00,7.00,000,6.71
2012-12-21,7.25,7.25,6.91,7.00,1500,6.71
2012-12-20,7.00,7.07,6.99,7.03,6400,6.74
2012-12-19,6.81,6.81,6.81,6.81,000,6.53
2012-12-18,6.92,6.92,6.81,6.81,4100,6.53
2012-12-17,7.00,7.00,7.00,7.00,200,6.71
2012-12-14,6.90,7.08,6.90,7.08,800,6.78
2012-12-13,7.08,7.08,7.08,7.08,1000,6.78
2012-12-12,7.07,7.08,7.07,7.08,1100,6.78
2012-12-11,7.07,7.07,7.07,7.07,000,6.77
2012-12-10,7.08,7.08,7.07,7.07,1000,6.77
2012-12-07,7.08,7.08,7.08,7.08,000,6.78
2012-12-06,7.08,7.08,7.08,7.08,1200,6.78
2012-12-05,7.18,7.18,7.18,7.18,000,6.88
2012-12-04,7.18,7.18,7.18,7.18,000,6.88
2012-12-03,7.18,7.18,7.18,7.18,300,6.88
2012-11-30,7.07,7.23,7.07,7.16,600,6.86
2012-11-29,7.10,7.10,7.10,7.10,12700,6.80
2012-11-28,7.20,7.20,7.20,7.20,000,6.90
2012-11-27,7.17,7.20,6.90,7.20,1100,6.90
2012-11-26,7.25,7.25,7.00,7.25,8300,6.95
2012-11-23,7.25,7.25,7.25,7.25,000,6.95
2012-11-21,7.25,7.25,7.25,7.25,000,6.95
2012-11-20,7.10,7.25,7.09,7.25,300,6.95
2012-11-19,6.83,7.07,6.83,7.07,500,6.77
2012-11-16,7.08,7.08,7.08,7.08,500,6.78
2012-11-15,7.00,7.10,6.46,7.08,1500,6.78
2012-11-14,7.18,7.18,6.99,7.11,4200,6.81
2012-11-13,7.21,7.23,6.85,7.19,1400,6.89
2012-11-12,7.23,7.23,7.23,7.23,100,6.93
2012-11-09,7.22,7.25,6.95,7.19,3100,6.89
2012-11-08,7.26,7.26,7.16,7.25,5100,6.95
2012-11-07,7.25,7.25,7.25,7.25,1000,6.95
2012-11-06,7.27,7.27,7.24,7.25,14000,6.95
2012-11-05,7.25,7.45,7.25,7.45,2100,7.14
2012-11-02,7.29,7.29,7.29,7.29,000,6.99
2012-11-01,7.29,7.29,7.29,7.29,1400,6.99
2012-10-31,7.49,7.49,7.36,7.36,2000,7.05
2012-10-26,7.42,7.50,7.42,7.50,2800,7.19
2012-10-25,7.59,7.59,7.59,7.59,000,7.27
2012-10-24,7.59,7.59,7.59,7.59,000,7.27
2012-10-23,7.59,7.59,7.59,7.59,000,7.27
2012-10-22,7.43,7.59,7.43,7.59,300,7.27
2012-10-19,7.50,7.50,7.36,7.36,1200,7.05
2012-10-18,7.50,7.50,7.50,7.50,100,7.19
2012-10-17,7.67,7.67,7.67,7.67,800,7.35
2012-10-16,7.51,7.65,7.51,7.65,3500,7.33
2012-10-15,7.90,7.90,7.67,7.70,1300,7.38
2012-10-12,7.78,7.78,7.78,7.78,000,7.45
2012-10-11,7.78,7.78,7.78,7.78,000,7.45
2012-10-10,7.78,7.78,7.78,7.78,200,7.45
2012-10-09,7.70,7.70,7.70,7.70,000,7.38
2012-10-08,7.66,7.70,7.66,7.70,700,7.38
2012-10-05,7.71,7.71,7.71,7.71,000,7.39
2012-10-04,7.61,7.71,7.61,7.71,1300,7.39
2012-10-03,7.41,7.60,7.41,7.60,200,7.28
2012-10-02,7.90,7.90,7.88,7.88,300,7.55
2012-10-01,7.36,7.36,7.36,7.36,3300,7.05
2012-09-28,7.60,7.60,7.60,7.60,000,7.28
2012-09-27,7.60,7.60,7.60,7.60,300,7.28
2012-09-26,7.75,7.75,7.75,7.75,000,7.43
2012-09-25,7.75,7.75,7.75,7.75,000,7.43
2012-09-24,7.75,7.75,7.75,7.75,000,7.43
2012-09-21,7.80,7.80,7.75,7.75,2000,7.43
2012-09-20,7.60,7.60,7.60,7.60,800,7.28
2012-09-19,7.60,7.61,7.60,7.60,2400,7.28
2012-09-18,7.49,7.85,7.49,7.84,3100,7.51
2012-09-17,7.30,7.30,7.30,7.30,000,6.99
2012-09-14,7.60,7.60,7.01,7.30,3700,6.99
2012-09-13,7.65,7.65,7.65,7.65,200,7.33
2012-09-12,7.85,7.85,7.75,7.75,3500,7.43
2012-09-11,7.90,7.90,7.80,7.85,4400,7.52
2012-09-10,7.91,7.91,7.91,7.91,000,7.58
2012-09-07,7.95,7.95,7.91,7.91,1000,7.58
2012-09-06,7.91,7.91,7.91,7.91,000,7.58
2012-09-05,7.91,7.91,7.91,7.91,1000,7.58
2012-09-04,8.00,8.00,7.90,7.90,600,7.57
2012-08-31,7.79,7.91,7.72,7.91,1500,7.58
2012-08-30,7.73,7.80,7.72,7.72,3500,7.40
2012-08-29,7.79,7.79,7.78,7.78,1200,7.45
2012-08-28,7.50,7.50,7.50,7.50,300,7.19
2012-08-27,7.80,7.80,7.80,7.80,2400,7.47
2012-08-24,7.75,7.90,7.75,7.90,900,7.57
2012-08-23,7.70,7.85,7.70,7.74,8900,7.42
2012-08-22,7.60,7.85,7.60,7.83,2900,7.50
2012-08-21,6.89,7.88,6.89,7.74,30400,7.42
2012-08-20,6.49,7.05,6.49,6.85,7200,6.56
2012-08-17,6.41,6.47,6.40,6.47,4200,6.20
2012-08-16,6.35,6.35,6.35,6.35,000,6.08
2012-08-15,6.35,6.35,6.35,6.35,300,6.08
2012-08-14,6.35,6.35,6.35,6.35,000,6.08
2012-08-13,6.35,6.35,6.35,6.35,300,6.08
2012-08-10,6.25,6.25,6.25,6.25,500,5.99
2012-08-09,6.30,6.30,6.29,6.30,2300,6.04
2012-08-08,6.49,6.49,6.49,6.49,000,6.22
2012-08-07,6.47,6.49,6.47,6.49,500,6.22
2012-08-06,6.50,6.50,6.26,6.26,2500,6.00
2012-08-03,5.75,5.75,5.75,5.75,000,5.51
2012-08-02,5.75,5.75,5.75,5.75,000,5.51
2012-08-01,5.75,5.75,5.75,5.75,500,5.51
2012-07-31,6.05,6.50,6.00,6.47,2000,6.20
2012-07-30,5.81,5.81,5.81,5.81,100,5.57
2012-07-27,5.75,5.75,5.75,5.75,000,5.51
2012-07-26,5.90,6.25,5.75,5.75,6100,5.51
2012-07-25,6.03,6.03,5.75,5.98,5100,5.73
2012-07-24,6.01,6.01,6.01,6.01,100,5.76
2012-07-23,5.88,6.50,5.88,6.25,15700,5.99
2012-07-20,5.80,5.95,5.80,5.95,11400,5.70
2012-07-19,5.71,5.71,5.71,5.71,200,5.47
2012-07-18,5.72,5.72,5.72,5.72,000,5.48
2012-07-17,5.75,5.75,5.71,5.72,1500,5.48
2012-07-16,6.00,6.00,6.00,6.00,000,5.75
2012-07-13,5.97,6.00,5.97,6.00,5600,5.75
2012-07-12,5.75,5.75,5.75,5.75,000,5.51
2012-07-11,5.75,5.75,5.75,5.75,000,5.51
2012-07-10,5.75,5.75,5.75,5.75,000,5.51
2012-07-09,5.75,5.75,5.75,5.75,000,5.51
2012-07-06,5.78,5.78,5.75,5.75,200,5.51
2012-07-05,5.85,5.85,5.85,5.85,2000,5.61
2012-07-03,5.73,5.73,5.73,5.73,100,5.49
2012-07-02,5.80,5.80,5.80,5.80,100,5.56
2012-06-29,5.73,5.99,5.73,5.99,1300,5.74
2012-06-28,5.73,5.73,5.73,5.73,300,5.49
2012-06-27,5.99,5.99,5.99,5.99,000,5.74
2012-06-26,5.99,5.99,5.99,5.99,000,5.74
2012-06-25,5.99,5.99,5.99,5.99,200,5.74
2012-06-22,5.99,5.99,5.99,5.99,000,5.74
2012-06-21,5.66,5.99,5.66,5.99,800,5.74
2012-06-20,5.70,5.70,5.70,5.70,000,5.46
2012-06-19,5.70,5.70,5.70,5.70,000,5.46
2012-06-18,5.70,5.70,5.70,5.70,300,5.46
2012-06-15,5.65,5.65,5.65,5.65,000,5.41
2012-06-14,5.65,5.65,5.65,5.65,000,5.41
2012-06-13,5.73,5.73,5.65,5.65,900,5.41
2012-06-12,5.61,5.75,5.61,5.71,2900,5.47
2012-06-11,5.75,5.75,5.75,5.75,100,5.51
2012-06-08,5.68,5.68,5.68,5.68,000,5.44
2012-06-07,5.68,5.68,5.68,5.68,000,5.44
2012-06-06,5.68,5.68,5.68,5.68,200,5.44
2012-06-05,5.68,5.68,5.68,5.68,1000,5.44
2012-06-04,5.98,5.98,5.98,5.98,100,5.73
2012-06-01,6.00,6.00,6.00,6.00,400,5.75
2012-05-31,6.05,6.05,6.05,6.05,100,5.80
2012-05-30,6.09,6.09,6.06,6.06,1500,5.81
2012-05-29,6.30,6.30,6.30,6.30,2300,6.04
2012-05-25,6.72,6.72,6.17,6.45,900,6.18
2012-05-24,6.21,6.21,6.21,6.21,100,5.95
2012-05-23,6.20,6.20,6.20,6.20,5300,5.94
2012-05-22,6.21,6.21,6.21,6.21,200,5.95
2012-05-21,6.35,6.35,6.35,6.35,000,6.08
2012-05-18,6.35,6.35,6.35,6.35,000,6.08
2012-05-17,6.35,6.35,6.35,6.35,000,6.08
2012-05-16,6.35,6.35,6.35,6.35,000,6.08
2012-05-15,6.35,6.35,6.35,6.35,300,6.08
2012-05-14,6.30,6.30,6.19,6.30,27000,6.04
2012-05-11,6.30,6.31,6.30,6.31,1700,6.05
2012-05-10,6.50,6.50,6.30,6.37,4600,6.10
2012-05-09,6.54,6.54,6.50,6.50,1900,6.23
2012-05-08,6.60,6.60,6.60,6.60,2000,6.32
2012-05-07,6.83,6.83,6.83,6.83,000,6.54
2012-05-04,6.87,6.87,6.83,6.83,300,6.54
2012-05-03,6.87,6.87,6.87,6.87,800,6.58
2012-05-02,6.60,6.60,6.60,6.60,300,6.32
2012-05-01,6.51,6.51,6.51,6.51,200,6.24
2012-04-30,6.86,6.86,6.86,6.86,300,6.57
2012-04-27,6.87,6.87,6.87,6.87,200,6.58
2012-04-26,6.89,7.00,6.89,7.00,9900,6.71
2012-04-25,6.95,6.95,6.95,6.95,000,6.66
2012-04-24,6.30,7.00,6.30,6.95,2100,6.66
2012-04-23,6.94,6.94,6.30,6.30,800,6.04
2012-04-20,6.35,6.35,6.35,6.35,000,6.08
2012-04-19,6.35,6.35,6.35,6.35,000,6.08
2012-04-18,6.31,6.35,6.31,6.35,300,6.08
2012-04-17,6.33,6.33,6.30,6.30,300,6.04
2012-04-16,6.40,6.40,6.40,6.40,300,6.13
2012-04-13,6.35,6.35,6.35,6.35,000,6.08
2012-04-12,6.35,6.35,6.35,6.35,1800,6.08
2012-04-11,6.40,6.40,6.40,6.40,1300,6.13
2012-04-10,6.40,6.40,6.40,6.40,100,6.13
2012-04-09,6.40,6.60,6.30,6.60,3600,6.32
2012-04-05,6.60,6.60,6.60,6.60,000,6.32
2012-04-04,6.80,6.80,6.60,6.60,34400,6.32
2012-04-03,7.06,7.28,6.90,6.90,6300,6.61
2012-04-02,6.97,7.07,6.97,7.06,38300,6.77
2012-03-30,7.26,7.26,6.99,7.00,17900,6.71
2012-03-29,7.30,7.43,6.91,6.91,9900,6.62
2012-03-28,7.00,7.74,7.00,7.00,27300,6.71
2012-03-27,7.03,7.03,7.03,7.03,000,6.74
2012-03-26,6.71,7.03,6.71,7.03,700,6.74
2012-03-23,7.00,7.40,6.73,6.86,4100,6.57
2012-03-22,6.65,6.65,6.65,6.65,000,6.37
2012-03-21,6.65,6.65,6.65,6.65,000,6.37
2012-03-20,6.40,6.65,6.40,6.65,800,6.37
2012-03-19,6.40,7.22,6.40,6.74,3200,6.46
2012-03-16,6.40,6.40,6.40,6.40,27500,6.13
2012-03-15,6.32,6.40,6.32,6.40,400,6.13
2012-03-14,6.20,6.39,6.20,6.31,3700,6.05
2012-03-13,6.70,6.70,6.70,6.70,000,6.42
2012-03-12,6.70,6.70,6.70,6.70,000,6.42
2012-03-09,6.21,6.70,6.21,6.70,1700,6.42
2012-03-08,6.37,6.37,6.37,6.37,700,6.10
2012-03-07,6.40,6.40,6.40,6.40,000,6.13
2012-03-06,6.40,6.40,6.40,6.40,400,6.13
2012-03-05,6.40,6.40,6.40,6.40,200,6.13
2012-03-02,6.45,6.45,6.35,6.35,2400,6.08
2012-03-01,6.68,6.69,6.20,6.45,3000,6.18
2012-02-29,6.86,6.86,6.65,6.68,1000,6.40
2012-02-28,6.75,6.84,6.75,6.84,200,6.55
2012-02-27,6.89,6.89,6.45,6.75,3200,6.47
2012-02-24,6.24,7.20,6.24,7.20,3700,6.90
2012-02-23,6.15,6.15,6.15,6.15,000,5.89
2012-02-22,6.15,6.15,6.15,6.15,000,5.89
2012-02-21,6.15,6.15,6.15,6.15,000,5.89
2012-02-17,6.15,6.15,6.15,6.15,000,5.89
2012-02-16,6.06,6.23,5.50,6.15,9000,5.89
2012-02-15,6.16,6.20,6.16,6.20,10300,5.94
2012-02-14,6.17,6.17,6.17,6.17,000,5.91
2012-02-13,7.25,7.25,6.17,6.17,3000,5.91
2012-02-10,7.43,7.43,7.43,7.43,000,7.12
2012-02-09,5.85,7.43,5.35,7.43,3400,7.12
2012-02-08,5.30,5.30,5.30,5.30,200,5.08
2012-02-07,5.45,5.45,5.45,5.45,000,5.22
2012-02-06,5.45,5.45,5.45,5.45,1100,5.22
2012-02-03,5.45,5.45,5.43,5.45,1500,5.22
2012-02-02,5.38,5.38,5.38,5.38,000,5.16
2012-02-01,5.38,5.38,5.38,5.38,000,5.16
2012-01-31,5.38,5.38,5.38,5.38,200,5.16
2012-01-30,5.00,5.00,5.00,5.00,000,4.79
2012-01-27,5.00,5.00,5.00,5.00,000,4.79
2012-01-26,5.00,5.00,5.00,5.00,1600,4.79
2012-01-25,5.05,5.05,5.05,5.05,000,4.84
2012-01-24,5.05,5.05,5.05,5.05,300,4.84
2012-01-23,5.03,5.03,5.01,5.01,200,4.80
2012-01-20,5.16,5.16,5.16,5.16,000,4.94
2012-01-19,5.16,5.16,5.16,5.16,000,4.94
2012-01-18,5.01,5.16,5.01,5.16,2000,4.94
2012-01-17,5.26,5.30,5.26,5.30,400,5.08
2012-01-13,5.00,5.00,5.00,5.00,200,4.79
2012-01-12,5.35,5.35,5.35,5.35,000,5.13
2012-01-11,5.05,5.37,5.05,5.35,1500,5.13
2012-01-10,5.15,5.25,5.11,5.11,700,4.90
2012-01-09,5.39,5.39,5.39,5.39,200,5.16
2012-01-06,5.29,5.29,5.29,5.29,100,5.07
2012-01-05,5.12,5.12,5.12,5.12,000,4.91
2012-01-04,5.12,5.12,5.12,5.12,600,4.91
2012-01-03,5.08,5.17,5.06,5.10,1700,4.89
2011-12-30,5.44,5.44,5.42,5.42,300,5.19
2011-12-29,5.08,5.18,5.08,5.18,600,4.96
2011-12-28,5.00,5.35,4.99,5.35,2900,5.13
2011-12-27,5.05,5.05,5.05,5.05,000,4.84
2011-12-23,5.04,5.05,5.04,5.05,400,4.84
2011-12-22,5.45,5.45,5.00,5.00,1200,4.79
2011-12-21,5.60,5.60,5.10,5.17,1300,4.95
2011-12-20,5.88,5.88,5.13,5.32,4200,5.10
2011-12-19,5.25,5.25,5.25,5.25,000,5.03
2011-12-16,5.94,5.94,5.25,5.25,600,5.03
2011-12-15,5.00,5.03,5.00,5.00,600,4.79
2011-12-14,4.85,4.85,4.85,4.85,000,4.65
2011-12-13,5.10,5.10,4.85,4.85,1700,4.65
2011-12-12,5.25,5.25,5.25,5.25,000,5.03
2011-12-09,5.25,5.25,5.25,5.25,2000,5.03
2011-12-08,5.25,5.25,5.25,5.25,000,5.03
2011-12-07,5.25,5.25,5.25,5.25,000,5.03
2011-12-06,5.25,5.25,5.25,5.25,000,5.03
2011-12-05,5.25,5.25,5.25,5.25,000,5.03
2011-12-02,5.23,5.44,5.23,5.25,2700,5.03
2011-12-01,5.62,5.62,5.62,5.62,000,5.39
2011-11-30,5.62,5.62,5.62,5.62,200,5.39
2011-11-29,5.04,5.04,5.04,5.04,100,4.83
2011-11-28,5.00,5.00,5.00,5.00,700,4.79
2011-11-25,5.00,5.00,5.00,5.00,000,4.79
2011-11-23,5.00,5.00,5.00,5.00,200,4.79
2011-11-22,4.81,5.10,4.80,5.00,800,4.79
2011-11-21,5.53,5.53,5.53,5.53,100,5.30
2011-11-18,5.15,5.15,4.90,4.90,3900,4.70
2011-11-17,4.90,4.95,4.90,4.90,1300,4.70
2011-11-16,5.50,5.50,5.50,5.50,000,5.27
2011-11-15,5.42,5.50,5.25,5.50,900,5.27
2011-11-14,4.90,5.00,4.90,5.00,2900,4.79
2011-11-11,5.00,5.00,5.00,5.00,000,4.79
2011-11-10,5.00,5.00,5.00,5.00,000,4.79
2011-11-09,5.00,5.00,5.00,5.00,000,4.79
2011-11-08,5.15,5.15,5.00,5.00,1000,4.79
2011-11-07,5.52,5.52,5.52,5.52,000,5.29
2011-11-04,5.52,5.52,5.52,5.52,000,5.29
2011-11-03,5.52,5.52,5.52,5.52,000,5.29
2011-11-02,5.52,5.52,5.52,5.52,000,5.29
2011-11-01,5.52,5.52,5.52,5.52,000,5.29
2011-10-31,5.54,5.54,5.52,5.52,300,5.29
2011-10-28,5.00,5.00,5.00,5.00,300,4.79
2011-10-27,5.03,5.03,4.63,4.99,1200,4.78
2011-10-26,5.00,5.00,5.00,5.00,000,4.79
2011-10-25,5.00,5.00,5.00,5.00,100,4.79
2011-10-24,5.02,5.02,5.02,5.02,000,4.81
2011-10-21,5.02,5.02,5.02,5.02,000,4.81
2011-10-20,5.02,5.02,5.02,5.02,000,4.81
2011-10-19,5.02,5.02,5.02,5.02,300,4.81
2011-10-18,5.14,5.14,4.84,4.84,2000,4.64
2011-10-17,5.03,5.03,5.03,5.03,000,4.82
2011-10-14,5.03,5.03,5.03,5.03,000,4.82
2011-10-13,5.03,5.03,5.03,5.03,000,4.82
2011-10-12,5.13,5.13,5.03,5.03,200,4.82
2011-10-11,5.14,5.14,5.03,5.06,2400,4.85
2011-10-10,5.01,5.06,5.00,5.02,2300,4.81
2011-10-07,5.00,5.00,5.00,5.00,2000,4.79
2011-10-06,5.46,5.46,5.46,5.46,000,5.23
2011-10-05,5.46,5.46,5.46,5.46,000,5.23
2011-10-04,5.46,5.46,5.46,5.46,000,5.23
2011-10-03,5.46,5.46,5.46,5.46,000,5.23
2011-09-30,5.49,5.49,5.46,5.46,500,5.23
2011-09-29,4.96,4.96,4.96,4.96,000,4.75
2011-09-28,4.96,4.96,4.96,4.96,000,4.75
2011-09-27,4.96,4.96,4.96,4.96,000,4.75
2011-09-26,4.98,4.98,4.96,4.96,600,4.75
2011-09-23,5.00,5.00,5.00,5.00,000,4.79
2011-09-22,5.00,5.00,5.00,5.00,000,4.79
2011-09-21,5.00,5.00,5.00,5.00,400,4.79
2011-09-20,5.23,5.25,5.23,5.25,800,5.03
2011-09-19,5.50,5.50,5.50,5.50,300,5.27
2011-09-16,5.50,5.50,5.50,5.50,700,5.27
2011-09-15,5.50,5.50,5.50,5.50,000,5.27
2011-09-14,5.53,5.53,5.50,5.50,1000,5.27
2011-09-13,5.55,5.55,5.53,5.53,1100,5.30
2011-09-12,5.65,5.65,5.50,5.60,1700,5.37
2011-09-09,5.59,5.59,5.59,5.59,000,5.36
2011-09-08,5.53,5.59,5.50,5.59,1900,5.36
2011-09-07,5.50,5.60,5.50,5.60,1900,5.37
2011-09-06,5.50,5.50,5.50,5.50,000,5.27
2011-09-02,5.50,5.50,5.50,5.50,000,5.27
2011-09-01,5.50,5.50,5.50,5.50,300,5.27
2011-08-31,5.40,5.40,5.40,5.40,000,5.17
2011-08-30,5.40,5.40,5.40,5.40,000,5.17
2011-08-29,5.40,5.40,5.40,5.40,000,5.17
2011-08-26,5.40,5.40,5.40,5.40,000,5.17
2011-08-25,5.40,5.40,5.40,5.40,000,5.17
2011-08-24,5.40,5.40,5.40,5.40,000,5.17
2011-08-23,5.40,5.40,5.40,5.40,000,5.17
2011-08-22,5.99,5.99,5.40,5.40,1100,5.17
2011-08-19,5.60,5.60,5.60,5.60,000,5.37
2011-08-18,5.60,5.60,5.60,5.60,000,5.37
2011-08-17,5.60,5.60,5.60,5.60,000,5.37
2011-08-16,5.60,5.60,5.60,5.60,5200,5.37
2011-08-15,5.48,5.48,5.48,5.48,300,5.25
2011-08-12,5.22,5.22,5.21,5.21,600,4.99
2011-08-11,7.01,7.01,5.05,5.05,700,4.84
2011-08-10,5.50,5.50,5.50,5.50,1900,5.27
2011-08-09,5.85,5.85,5.85,5.85,000,5.61
2011-08-08,6.00,6.00,5.85,5.85,1500,5.61
2011-08-05,6.09,6.09,6.09,6.09,000,5.84
2011-08-04,6.00,6.09,6.00,6.09,800,5.84
2011-08-03,6.40,6.40,6.40,6.40,000,6.13
2011-08-02,6.40,6.40,6.40,6.40,000,6.13
2011-08-01,6.40,6.40,6.40,6.40,000,6.13
2011-07-29,6.40,6.40,6.40,6.40,400,6.13
2011-07-28,6.25,6.25,6.25,6.25,000,5.99
2011-07-27,6.25,6.25,6.25,6.25,000,5.99
2011-07-26,6.25,6.25,6.25,6.25,000,5.99
2011-07-25,6.25,6.25,6.25,6.25,000,5.99
2011-07-22,6.10,6.25,6.10,6.25,2300,5.99
2011-07-21,5.85,5.85,5.85,5.85,200,5.61
2011-07-20,5.93,5.93,5.93,5.93,000,5.68
2011-07-19,5.93,5.93,5.93,5.93,000,5.68
2011-07-18,5.93,5.93,5.93,5.93,000,5.68
2011-07-15,5.93,5.93,5.93,5.93,000,5.68
2011-07-14,5.93,5.93,5.93,5.93,000,5.68
2011-07-13,5.93,5.93,5.93,5.93,200,5.68
2011-07-12,6.47,6.47,6.47,6.47,000,6.20
2011-07-11,6.47,6.47,6.47,6.47,100,6.20
2011-07-08,5.88,5.88,5.82,5.82,300,5.58
2011-07-07,6.35,6.35,6.35,6.35,200,6.08
2011-07-06,6.37,6.37,6.37,6.37,000,6.10
2011-07-05,6.37,6.37,6.37,6.37,100,6.10
2011-07-01,6.00,6.00,6.00,6.00,000,5.75
2011-06-30,6.00,6.00,6.00,6.00,300,5.75
2011-06-29,5.75,5.75,5.75,5.75,000,5.51
2011-06-28,5.59,5.75,5.59,5.75,2000,5.51
2011-06-27,5.50,5.50,5.50,5.50,000,5.27
2011-06-24,5.50,5.50,5.50,5.50,1000,5.27
2011-06-23,5.50,5.50,5.50,5.50,000,5.27
2011-06-22,5.50,5.50,5.50,5.50,1000,5.27
2011-06-21,5.50,5.50,5.50,5.50,1100,5.27
2011-06-20,5.60,5.60,5.60,5.60,400,5.37
2011-06-17,5.60,5.60,5.60,5.60,100,5.37
2011-06-16,5.43,5.43,5.43,5.43,000,5.20
2011-06-15,5.43,5.43,5.43,5.43,000,5.20
2011-06-14,5.43,5.43,5.43,5.43,000,5.20
2011-06-13,5.45,5.45,5.43,5.43,200,5.20
2011-06-10,5.60,5.60,5.60,5.60,000,5.37
2011-06-09,5.60,5.60,5.60,5.60,000,5.37
2011-06-08,5.54,5.60,5.54,5.60,2800,5.37
2011-06-07,5.13,5.13,5.13,5.13,100,4.92
2011-06-06,5.09,5.36,5.05,5.05,2700,4.84
2011-06-03,5.25,5.25,5.25,5.25,000,5.03
2011-06-02,5.25,5.25,5.25,5.25,000,5.03
2011-06-01,5.25,5.25,5.25,5.25,000,5.03
2011-05-31,5.05,5.25,5.05,5.25,700,5.03
2011-05-27,4.97,5.00,4.94,5.00,2000,4.79
2011-05-26,5.05,5.05,5.05,5.05,000,4.84
2011-05-25,5.07,5.07,5.05,5.05,2000,4.84
2011-05-24,5.20,5.20,5.15,5.19,600,4.97
2011-05-23,5.30,5.37,4.85,5.13,98500,4.92
2011-05-20,5.46,5.46,5.46,5.46,000,5.23
2011-05-19,5.46,5.46,5.46,5.46,000,5.23
2011-05-18,5.46,5.46,5.46,5.46,000,5.23
2011-05-17,5.46,5.46,5.46,5.46,000,5.23
2011-05-16,5.46,5.46,5.46,5.46,000,5.23
2011-05-13,5.46,5.46,5.46,5.46,000,5.23
2011-05-12,5.63,5.63,5.36,5.46,600,5.23
2011-05-11,5.32,5.70,5.32,5.60,700,5.37
2011-05-10,5.35,5.35,5.30,5.30,1700,5.08
2011-05-09,5.69,5.70,5.45,5.45,2100,5.22
2011-05-06,5.50,5.50,5.50,5.50,400,5.27
2011-05-05,5.60,5.60,5.60,5.60,3200,5.37
2011-05-04,5.07,5.55,4.97,5.50,5500,5.27
2011-05-03,5.06,5.06,5.06,5.06,000,4.85
2011-05-02,5.06,5.06,5.06,5.06,000,4.85
2011-04-29,5.06,5.06,5.06,5.06,000,4.85
2011-04-28,5.59,5.60,5.06,5.06,3300,4.85
2011-04-27,5.50,5.50,5.50,5.50,000,5.27
2011-04-26,5.50,5.50,5.50,5.50,1200,5.27
2011-04-25,5.55,5.55,5.55,5.55,000,5.32
2011-04-21,5.55,5.55,5.55,5.55,000,5.32
2011-04-20,5.50,5.55,5.50,5.55,1400,5.32
2011-04-19,5.65,5.65,5.60,5.60,2100,5.37
2011-04-18,5.65,5.65,5.65,5.65,000,5.41
2011-04-15,5.66,5.66,5.60,5.65,1200,5.41
2011-04-14,5.61,5.61,5.61,5.61,000,5.38
2011-04-13,5.61,5.61,5.61,5.61,000,5.38
2011-04-12,5.71,5.71,5.60,5.61,3100,5.38
2011-04-11,6.15,6.15,5.84,5.84,4200,5.60
2011-04-08,6.20,6.20,6.20,6.20,000,5.94
2011-04-07,6.12,6.20,6.12,6.20,200,5.94
2011-04-06,6.13,6.13,6.11,6.11,200,5.85
2011-04-05,6.19,6.19,6.12,6.12,200,5.86
2011-04-04,6.10,6.10,6.10,6.10,100,5.85
2011-04-01,6.02,6.02,6.02,6.02,000,5.77
2011-03-31,6.52,6.52,5.81,6.02,1000,5.77
2011-03-30,6.00,6.00,6.00,6.00,000,5.75
2011-03-29,6.00,6.00,6.00,6.00,100,5.75
2011-03-28,5.91,5.91,5.91,5.91,900,5.66
2011-03-25,6.01,6.01,6.01,6.01,000,5.76
2011-03-24,6.03,6.03,6.01,6.01,1600,5.76
2011-03-23,6.13,6.13,6.00,6.06,2900,5.81
2011-03-22,6.00,6.50,6.00,6.15,4800,5.89
2011-03-21,5.96,6.00,5.96,6.00,8800,5.75
2011-03-18,5.80,5.80,5.80,5.80,100,5.56
2011-03-17,5.80,5.80,5.80,5.80,000,5.56
2011-03-16,5.80,5.80,5.80,5.80,2500,5.56
2011-03-15,5.63,5.80,5.60,5.80,1800,5.56
2011-03-14,6.00,6.00,6.00,6.00,000,5.75
2011-03-11,6.00,6.00,6.00,6.00,000,5.75
2011-03-10,6.00,6.00,6.00,6.00,300,5.75
2011-03-09,5.80,5.80,5.80,5.80,000,5.56
2011-03-08,5.80,5.80,5.80,5.80,000,5.56
2011-03-07,5.80,5.80,5.80,5.80,6000,5.56
2011-03-04,5.77,5.80,5.75,5.80,1900,5.56
2011-03-03,5.80,5.80,5.80,5.80,000,5.56
2011-03-02,5.80,5.80,5.80,5.80,2300,5.56
2011-03-01,6.00,6.00,6.00,6.00,200,5.75
2011-02-28,5.90,5.90,5.90,5.90,600,5.65
2011-02-25,5.89,5.89,5.89,5.89,000,5.64
2011-02-24,5.89,5.89,5.89,5.89,000,5.64
2011-02-23,5.89,5.89,5.89,5.89,600,5.64
2011-02-22,5.95,6.00,5.95,6.00,2700,5.75
2011-02-18,5.75,5.75,5.75,5.75,100,5.51
2011-02-17,5.51,5.51,5.51,5.51,100,5.28
2011-02-16,5.42,5.42,5.42,5.42,300,5.19
2011-02-15,5.31,5.31,5.31,5.31,200,5.09
2011-02-14,5.50,5.50,5.50,5.50,100,5.27
2011-02-11,5.50,5.92,5.50,5.92,2500,5.67
2011-02-10,5.95,5.95,5.95,5.95,300,5.70
2011-02-09,5.75,5.75,5.75,5.75,400,5.51
2011-02-08,5.22,5.22,5.22,5.22,200,5.00
2011-02-07,5.95,5.95,5.95,5.95,000,5.70
2011-02-04,5.95,5.95,5.95,5.95,1200,5.70
2011-02-03,6.00,6.00,6.00,6.00,400,5.75
2011-02-02,6.00,6.00,6.00,6.00,000,5.75
2011-02-01,6.00,6.00,6.00,6.00,000,5.75
2011-01-31,6.00,6.00,6.00,6.00,000,5.75
2011-01-28,6.00,6.00,6.00,6.00,000,5.75
2011-01-27,6.00,6.00,6.00,6.00,400,5.75
2011-01-26,5.89,5.89,5.89,5.89,100,5.64
2011-01-25,5.81,5.81,5.81,5.81,000,5.57
2011-01-24,6.00,6.00,5.81,5.81,300,5.57
2011-01-21,6.00,6.00,6.00,6.00,000,5.75
2011-01-20,5.80,6.00,5.80,6.00,200,5.75
2011-01-19,5.30,5.70,5.30,5.70,300,5.46
2011-01-18,4.90,5.50,4.90,5.35,4000,5.13
2011-01-14,4.90,5.00,4.90,5.00,6000,4.79
2011-01-13,4.98,4.98,4.98,4.98,000,4.77
2011-01-12,5.00,5.00,4.92,4.98,2700,4.77
2011-01-11,5.00,5.00,5.00,5.00,000,4.79
2011-01-10,5.00,5.00,5.00,5.00,000,4.79
2011-01-07,5.00,5.00,5.00,5.00,1300,4.79
2011-01-06,4.99,5.00,4.95,4.95,1100,4.74
2011-01-05,4.50,5.00,4.50,5.00,1600,4.79
2011-01-04,4.67,4.68,4.67,4.68,400,4.48
2011-01-03,4.62,4.62,4.58,4.58,1900,4.39
2010-12-31,4.43,4.58,4.43,4.58,900,4.39
2010-12-30,4.17,4.20,4.16,4.20,1300,4.02
2010-12-29,4.09,4.09,4.06,4.06,1200,3.89
2010-12-28,4.18,4.18,4.18,4.18,000,4.01
2010-12-27,4.18,4.18,4.18,4.18,000,4.01
2010-12-23,4.18,4.18,4.18,4.18,200,4.01
2010-12-22,4.03,4.03,4.03,4.03,000,3.86
2010-12-21,4.03,4.04,4.03,4.03,2100,3.86
2010-12-20,4.05,4.05,3.95,4.02,4700,3.85
2010-12-17,4.10,4.10,3.98,4.05,5400,3.88
2010-12-16,4.10,4.10,4.10,4.10,200,3.93
2010-12-15,4.44,4.44,4.00,4.05,6900,3.88
2010-12-14,4.59,4.60,4.48,4.50,4300,4.31
2010-12-13,4.49,4.50,4.42,4.42,1100,4.24
2010-12-10,4.55,4.55,4.55,4.55,000,4.36
2010-12-09,4.55,4.55,4.48,4.55,2400,4.36
2010-12-08,4.62,4.65,4.60,4.65,2700,4.46
2010-12-07,4.75,4.75,4.75,4.75,000,4.55
2010-12-06,4.62,4.81,4.62,4.75,7600,4.55
2010-12-03,4.63,4.63,4.62,4.62,1100,4.43
2010-12-02,4.76,4.76,4.60,4.62,3800,4.43
2010-12-01,4.88,4.88,4.82,4.82,2200,4.62
2010-11-30,4.88,4.88,4.88,4.88,000,4.68
2010-11-29,4.88,4.88,4.88,4.88,000,4.68
2010-11-26,4.88,4.88,4.88,4.88,000,4.68
2010-11-24,4.88,4.88,4.88,4.88,900,4.68
2010-11-23,4.88,4.88,4.88,4.88,000,4.68
2010-11-22,4.88,4.88,4.88,4.88,300,4.68
2010-11-19,4.88,4.88,4.88,4.88,400,4.68
2010-11-18,4.88,4.88,4.88,4.88,200,4.68
2010-11-17,5.00,5.00,5.00,5.00,4200,4.79
2010-11-16,5.00,5.00,5.00,5.00,000,4.79
2010-11-15,5.00,5.00,5.00,5.00,200,4.79
2010-11-12,4.88,4.88,4.88,4.88,000,4.68
2010-11-11,4.88,4.88,4.88,4.88,200,4.68
2010-11-10,4.91,4.91,4.91,4.91,000,4.70
2010-11-09,5.00,5.00,4.91,4.91,500,4.70
2010-11-08,4.80,4.80,4.80,4.80,000,4.60
2010-11-05,4.80,4.80,4.80,4.80,000,4.60
2010-11-04,4.80,4.80,4.80,4.80,000,4.60
2010-11-03,4.80,4.80,4.80,4.80,000,4.60
2010-11-02,4.80,4.80,4.80,4.80,000,4.60
2010-11-01,4.80,4.80,4.80,4.80,000,4.60
2010-10-29,4.80,4.80,4.80,4.80,000,4.60
2010-10-28,5.25,5.25,4.80,4.80,500,4.60
2010-10-27,4.75,4.75,4.75,4.75,000,4.55
2010-10-26,4.98,4.98,4.75,4.75,1300,4.55
2010-10-25,5.05,5.05,5.05,5.05,000,4.84
2010-10-22,5.05,5.05,5.05,5.05,500,4.84
2010-10-21,5.15,5.15,5.05,5.05,600,4.84
2010-10-20,5.15,5.15,5.15,5.15,200,4.93
2010-10-19,5.15,5.15,5.15,5.15,000,4.93
2010-10-18,5.15,5.15,5.15,5.15,000,4.93
2010-10-15,5.15,5.15,5.15,5.15,200,4.93
2010-10-14,5.15,5.15,5.15,5.15,400,4.93
2010-10-13,5.15,5.15,5.15,5.15,2500,4.93
2010-10-12,5.05,5.05,5.05,5.05,000,4.84
2010-10-11,5.05,5.05,5.05,5.05,000,4.84
2010-10-08,5.05,5.05,5.05,5.05,3200,4.84
2010-10-07,5.27,5.27,5.16,5.18,500,4.96
2010-10-06,5.28,5.28,5.28,5.28,100,5.06
2010-10-05,5.05,5.05,5.05,5.05,400,4.84
2010-10-04,5.18,5.18,5.18,5.18,000,4.96
2010-10-01,5.18,5.18,5.18,5.18,200,4.96
2010-09-30,5.10,5.10,5.10,5.10,200,4.89
2010-09-29,5.08,5.08,5.08,5.08,000,4.87
2010-09-28,5.15,5.19,5.00,5.08,1900,4.87
2010-09-27,5.02,5.02,5.02,5.02,000,4.81
2010-09-24,5.02,5.02,5.02,5.02,000,4.81
2010-09-23,5.02,5.02,5.02,5.02,800,4.81
2010-09-22,5.08,5.08,5.02,5.02,1700,4.81
2010-09-21,5.02,5.02,5.02,5.02,000,4.81
2010-09-20,5.02,5.02,5.02,5.02,000,4.81
2010-09-17,5.28,5.30,5.02,5.02,4200,4.81
2010-09-16,5.20,5.20,5.20,5.20,000,4.98
2010-09-15,5.12,5.20,5.12,5.20,1700,4.98
2010-09-14,5.00,5.00,5.00,5.00,000,4.79
2010-09-13,5.15,5.15,5.00,5.00,1700,4.79
2010-09-10,5.33,5.34,5.33,5.34,400,5.12
2010-09-09,5.15,5.15,5.15,5.15,300,4.93
2010-09-08,5.15,5.15,5.15,5.15,000,4.93
2010-09-07,5.15,5.15,5.15,5.15,000,4.93
2010-09-03,5.15,5.15,5.15,5.15,000,4.93
2010-09-02,5.15,5.15,5.15,5.15,000,4.93
2010-09-01,5.15,5.15,5.15,5.15,000,4.93
2010-08-31,5.15,5.15,5.00,5.15,3300,4.93
2010-08-30,5.15,5.15,5.15,5.15,000,4.93
2010-08-27,5.15,5.15,5.15,5.15,200,4.93
2010-08-26,5.15,5.15,5.15,5.15,000,4.93
2010-08-25,5.15,5.15,5.15,5.15,000,4.93
2010-08-24,5.15,5.15,5.15,5.15,000,4.93
2010-08-23,5.15,5.15,5.15,5.15,000,4.93
2010-08-20,5.16,5.16,5.15,5.15,500,4.93
2010-08-19,5.14,5.14,5.14,5.14,100,4.93
2010-08-18,5.10,5.10,5.10,5.10,000,4.89
2010-08-17,5.10,5.10,5.10,5.10,000,4.89
2010-08-16,5.10,5.10,5.10,5.10,300,4.89
2010-08-13,5.07,5.07,5.07,5.07,000,4.86
2010-08-12,5.00,5.38,5.00,5.07,2400,4.86
2010-08-11,4.75,4.93,4.74,4.93,4500,4.72
2010-08-10,5.38,5.40,4.75,4.75,3500,4.55
2010-08-09,5.20,5.20,5.20,5.20,300,4.98
2010-08-06,5.30,5.30,5.27,5.27,600,5.05
2010-08-05,5.50,5.50,5.50,5.50,000,5.27
2010-08-04,5.50,5.50,5.50,5.50,400,5.27
2010-08-03,6.20,6.20,5.29,5.29,4900,5.07
2010-08-02,6.69,6.69,5.50,6.30,1600,6.04
2010-07-30,5.17,6.24,5.17,5.20,1200,4.98
2010-07-29,5.04,5.15,4.75,5.11,2800,4.90
2010-07-28,5.55,5.55,5.45,5.45,400,5.22
2010-07-27,6.75,6.75,5.51,5.55,6800,5.32
2010-07-26,5.28,5.81,5.28,5.80,700,5.56
2010-07-23,6.75,6.75,6.75,6.75,000,6.47
2010-07-22,6.85,6.89,6.73,6.75,1500,6.47
2010-07-21,5.52,5.52,5.52,5.52,000,5.29
2010-07-20,6.95,6.95,5.52,5.52,300,5.29
2010-07-19,5.06,5.50,5.06,5.50,600,5.27
2010-07-16,6.10,6.10,6.10,6.10,000,5.85
2010-07-15,6.15,6.15,6.10,6.10,200,5.85
2010-07-14,6.42,6.42,6.27,6.27,3200,6.01
2010-07-13,6.42,6.42,6.42,6.42,000,6.15
2010-07-12,6.42,6.42,6.42,6.42,1100,6.15
2010-07-09,6.45,6.50,6.45,6.45,6300,6.18
2010-07-08,6.45,6.45,6.45,6.45,1100,6.18
2010-07-07,6.75,6.75,6.75,6.75,2100,6.47
2010-07-06,6.35,6.35,6.35,6.35,300,6.08
2010-07-02,6.50,6.60,6.50,6.60,3200,6.32
2010-07-01,6.50,6.50,6.50,6.50,1800,6.23
2010-06-30,6.99,6.99,6.50,6.50,500,6.23
2010-06-29,6.75,6.75,6.75,6.75,000,6.47
2010-06-28,6.75,6.75,6.75,6.75,000,6.47
2010-06-25,6.75,6.75,6.75,6.75,000,6.47
2010-06-24,6.75,6.75,6.75,6.75,000,6.47
2010-06-23,6.75,6.75,6.75,6.75,000,6.47
2010-06-22,6.75,6.75,6.75,6.75,000,6.47
2010-06-21,6.75,6.75,6.75,6.75,000,6.47
2010-06-18,6.75,6.75,6.75,6.75,000,6.47
2010-06-17,6.75,6.75,6.75,6.75,100,6.47
2010-06-16,6.47,6.47,6.47,6.47,000,6.20
2010-06-15,7.00,7.00,6.42,6.47,700,6.20
2010-06-14,6.58,6.71,6.54,6.64,1400,6.36
2010-06-11,6.50,6.50,6.50,6.50,500,6.23
2010-06-10,6.50,6.75,6.50,6.75,1900,6.47
2010-06-09,6.20,6.20,6.20,6.20,000,5.94
2010-06-08,6.37,6.37,6.20,6.20,1200,5.94
2010-06-07,6.70,6.70,6.40,6.40,8200,6.13
2010-06-04,6.50,6.58,6.50,6.50,4200,6.23
2010-06-03,6.55,6.55,6.55,6.55,1000,6.28
2010-06-02,6.40,6.54,6.40,6.54,5500,6.27
2010-06-01,6.40,6.40,6.40,6.40,100,6.13
2010-05-28,6.55,6.55,6.40,6.40,400,6.13
2010-05-27,5.57,6.78,5.57,6.00,2400,5.75
2010-05-26,5.61,5.61,5.61,5.61,000,5.38
2010-05-25,5.70,5.72,5.61,5.61,500,5.38
2010-05-24,5.70,5.70,5.10,5.11,900,4.90
2010-05-21,5.00,5.00,5.00,5.00,000,4.79
2010-05-20,5.00,5.00,5.00,5.00,000,4.79
2010-05-19,5.04,5.04,5.00,5.00,1200,4.79
2010-05-18,5.17,5.22,5.17,5.22,300,5.00
2010-05-17,6.50,6.50,5.15,5.50,15800,5.27
2010-05-14,5.77,5.77,5.77,5.77,000,5.53
2010-05-13,6.21,6.21,5.75,5.77,1800,5.53
2010-05-12,6.23,6.23,6.23,6.23,300,5.97
2010-05-11,6.22,6.22,6.22,6.22,400,5.96
2010-05-10,6.23,6.24,6.23,6.24,200,5.98
2010-05-07,6.34,6.34,6.34,6.34,3400,6.08
2010-05-06,6.55,6.55,6.55,6.55,200,6.28
2010-05-05,5.95,6.55,5.50,6.55,10600,6.28
2010-05-04,6.28,6.40,6.20,6.40,4700,6.13
2010-05-03,6.23,6.35,6.00,6.03,3200,5.78
2010-04-30,5.45,7.39,5.45,6.23,20600,5.97
2010-04-29,5.46,5.46,5.46,5.46,000,5.23
2010-04-28,5.46,5.46,5.46,5.46,000,5.23
2010-04-27,5.50,5.50,5.46,5.46,200,5.23
2010-04-26,4.51,5.52,4.51,5.38,9000,5.16
2010-04-23,5.05,5.05,5.00,5.00,600,4.79
2010-04-22,5.00,5.00,4.99,5.00,9200,4.79
2010-04-21,4.51,4.94,4.51,4.94,3200,4.73
2010-04-20,4.94,4.94,4.94,4.94,000,4.73
2010-04-19,4.94,4.94,4.94,4.94,000,4.73
2010-04-16,4.94,4.94,4.94,4.94,000,4.73
2010-04-15,4.94,4.94,4.94,4.94,1000,4.73
2010-04-14,4.89,4.89,4.89,4.89,000,4.69
2010-04-13,4.88,4.89,4.87,4.89,2000,4.69
2010-04-12,4.51,4.51,4.51,4.51,000,4.32
2010-04-09,4.51,4.51,4.51,4.51,000,4.32
2010-04-08,4.51,4.51,4.51,4.51,000,4.32
2010-04-07,4.53,4.53,4.51,4.51,200,4.32
2010-04-06,4.93,4.93,4.93,4.93,000,4.72
2010-04-05,4.93,4.93,4.93,4.93,100,4.72
2010-04-01,4.72,4.72,4.72,4.72,000,4.52
2010-03-31,4.72,4.72,4.72,4.72,000,4.52
2010-03-30,4.72,4.72,4.72,4.72,000,4.52
2010-03-29,4.82,4.82,4.72,4.72,1000,4.52
2010-03-26,4.82,4.82,4.72,4.72,3700,4.52
2010-03-25,4.98,5.00,4.97,4.98,3400,4.77
2010-03-24,4.72,4.72,4.72,4.72,000,4.52
2010-03-23,4.72,4.72,4.72,4.72,000,4.52
2010-03-22,4.72,4.72,4.72,4.72,000,4.52
2010-03-19,4.72,4.72,4.72,4.72,000,4.52
2010-03-18,4.72,4.72,4.72,4.72,000,4.52
2010-03-17,4.72,4.72,4.72,4.72,000,4.52
2010-03-16,4.72,4.72,4.72,4.72,600,4.52
2010-03-15,5.00,5.00,5.00,5.00,000,4.79
2010-03-12,5.00,5.00,5.00,5.00,2100,4.79
2010-03-11,4.99,5.00,4.95,4.95,6200,4.74
2010-03-10,4.83,4.83,4.83,4.83,300,4.63
2010-03-09,4.75,4.80,4.75,4.80,1300,4.60
2010-03-08,4.77,5.12,4.75,4.75,2500,4.55
2010-03-05,5.05,5.05,5.05,5.05,000,4.84
2010-03-04,5.05,5.05,4.73,5.05,6000,4.84
2010-03-03,5.05,5.05,5.05,5.05,1600,4.84
2010-03-02,5.00,5.20,5.00,5.20,1400,4.98
2010-03-01,4.72,4.72,4.72,4.72,000,4.52
2010-02-26,4.74,4.74,4.72,4.72,300,4.52
2010-02-25,4.37,4.37,4.37,4.37,000,4.19
2010-02-24,4.37,4.37,4.37,4.37,000,4.19
2010-02-23,4.37,4.37,4.37,4.37,000,4.19
2010-02-22,4.35,4.38,4.35,4.37,1400,4.19
2010-02-19,4.36,4.36,4.36,4.36,000,4.18
2010-02-18,4.36,4.36,4.36,4.36,000,4.18
2010-02-17,4.36,4.36,4.36,4.36,200,4.18
2010-02-16,4.50,4.50,4.50,4.50,000,4.31
2010-02-12,4.50,4.50,4.50,4.50,000,4.31
2010-02-11,4.50,4.50,4.50,4.50,000,4.31
2010-02-10,4.50,4.50,4.50,4.50,000,4.31
2010-02-09,4.48,4.50,4.48,4.50,1000,4.31
2010-02-08,4.61,4.65,4.61,4.65,2100,4.46
2010-02-05,4.30,4.30,4.09,4.30,900,4.12
2010-02-04,4.65,4.65,4.65,4.65,000,4.46
2010-02-03,4.65,4.65,4.65,4.65,000,4.46
2010-02-02,4.65,4.65,4.65,4.65,000,4.46
2010-02-01,4.65,4.65,4.65,4.65,000,4.46
2010-01-29,4.65,4.65,4.65,4.65,200,4.46
2010-01-28,4.65,4.65,4.65,4.65,000,4.46
2010-01-27,4.65,4.65,4.65,4.65,000,4.46
2010-01-26,4.65,4.65,4.65,4.65,000,4.46
2010-01-25,4.65,4.65,4.65,4.65,000,4.46
2010-01-22,4.65,4.65,4.65,4.65,000,4.46
2010-01-21,4.65,4.65,4.65,4.65,000,4.46
2010-01-20,4.65,4.65,4.65,4.65,000,4.46
2010-01-19,4.65,4.65,4.65,4.65,100,4.46
2010-01-15,4.64,4.64,4.64,4.64,100,4.45
2010-01-14,4.12,4.12,4.12,4.12,1300,3.95
2010-01-13,4.32,4.32,4.32,4.32,000,4.14
2010-01-12,4.43,4.45,4.32,4.32,4300,4.14
2010-01-11,4.50,4.50,4.50,4.50,000,4.31
2010-01-08,4.50,4.50,4.50,4.50,000,4.31
2010-01-07,4.50,4.50,4.50,4.50,000,4.31
2010-01-06,4.50,4.50,4.50,4.50,200,4.31
2010-01-05,4.64,4.64,4.64,4.64,000,4.45
2010-01-04,4.64,4.64,4.64,4.64,500,4.45
2009-12-31,4.64,4.64,4.64,4.64,900,4.45
2009-12-30,4.50,4.50,4.50,4.50,200,4.31
2009-12-29,4.77,4.77,4.77,4.77,000,4.57
2009-12-28,4.77,4.77,4.77,4.77,000,4.57
2009-12-24,4.77,4.77,4.77,4.77,000,4.57
2009-12-23,4.34,5.00,4.32,4.77,2200,4.57
2009-12-22,4.50,4.50,4.50,4.50,1300,4.31
2009-12-21,4.95,4.95,4.95,4.95,000,4.74
2009-12-18,4.95,4.95,4.95,4.95,000,4.74
2009-12-17,4.95,4.95,4.95,4.95,000,4.74
2009-12-16,4.95,4.95,4.95,4.95,000,4.74
2009-12-15,4.95,4.95,4.95,4.95,000,4.74
2009-12-14,4.95,4.95,4.95,4.95,000,4.74
2009-12-11,4.95,4.95,4.95,4.95,000,4.74
2009-12-10,4.95,4.95,4.95,4.95,700,4.74
2009-12-09,4.45,4.45,4.45,4.45,000,4.26
2009-12-08,4.45,4.45,4.45,4.45,000,4.26
2009-12-07,4.45,4.45,4.45,4.45,800,4.26
2009-12-04,4.50,4.50,4.50,4.50,000,4.31
2009-12-03,4.50,4.50,4.50,4.50,13300,4.31
2009-12-02,4.78,4.78,4.50,4.50,1000,4.31
2009-12-01,4.90,4.90,4.90,4.90,000,4.70
2009-11-30,4.90,4.90,4.90,4.90,000,4.70
2009-11-27,4.90,4.90,4.90,4.90,000,4.70
2009-11-25,4.90,4.90,4.90,4.90,000,4.70
2009-11-24,4.90,4.90,4.90,4.90,000,4.70
2009-11-23,4.90,4.90,4.90,4.90,000,4.70
2009-11-20,4.90,4.90,4.90,4.90,000,4.70
2009-11-19,5.62,5.62,4.25,4.90,3800,4.70
2009-11-18,4.45,4.45,4.45,4.45,000,4.26
2009-11-17,4.64,4.64,4.10,4.45,3300,4.26
2009-11-16,5.01,5.01,4.60,4.60,5400,4.41
2009-11-13,5.01,5.01,5.01,5.01,000,4.80
2009-11-12,5.01,5.01,5.01,5.01,200,4.80
2009-11-11,5.49,5.50,5.49,5.50,200,5.27
2009-11-10,4.66,4.66,4.65,4.65,700,4.46
2009-11-09,4.88,5.00,4.86,4.89,4100,4.69
2009-11-06,4.92,4.92,4.92,4.92,000,4.71
2009-11-05,4.90,4.92,4.63,4.92,300,4.71
2009-11-04,5.09,5.09,5.09,5.09,1000,4.88
2009-11-03,5.21,5.21,4.90,4.90,700,4.70
2009-11-02,5.77,5.77,5.77,5.77,000,5.53
2009-10-30,5.77,5.77,5.77,5.77,000,5.53
2009-10-29,5.77,5.77,5.77,5.77,000,5.53
2009-10-28,5.77,5.77,5.77,5.77,000,5.53
2009-10-27,5.77,5.77,5.77,5.77,000,5.53
2009-10-26,5.77,5.77,5.77,5.77,000,5.53
2009-10-23,5.77,5.77,5.77,5.77,000,5.53
2009-10-22,5.77,5.77,5.77,5.77,000,5.53
2009-10-21,5.77,5.77,5.77,5.77,200,5.53
2009-10-20,5.76,5.76,5.76,5.76,100,5.52
2009-10-19,5.25,5.25,5.25,5.25,200,5.03
2009-10-16,5.17,5.34,5.15,5.34,500,5.12
2009-10-15,4.90,5.85,4.90,5.85,2500,5.61
2009-10-14,4.10,4.10,4.10,4.10,000,3.93
2009-10-13,4.10,4.10,4.10,4.10,000,3.93
2009-10-12,4.10,4.10,4.10,4.10,000,3.93
2009-10-09,4.10,4.10,4.10,4.10,000,3.93
2009-10-08,4.11,4.12,4.10,4.10,500,3.93
2009-10-07,4.25,4.25,4.25,4.25,000,4.07
2009-10-06,4.25,4.25,4.25,4.25,000,4.07
2009-10-05,4.25,4.25,4.25,4.25,000,4.07
2009-10-02,4.25,4.25,4.25,4.25,200,4.07
2009-10-01,4.03,4.10,4.00,4.10,3400,3.93
2009-09-30,4.10,4.10,4.09,4.10,5700,3.93
2009-09-29,4.25,4.25,4.24,4.25,2400,4.07
2009-09-28,4.49,4.49,4.49,4.49,000,4.30
2009-09-25,4.49,4.49,4.49,4.49,000,4.30
2009-09-24,4.49,4.49,4.49,4.49,000,4.30
2009-09-23,4.47,4.49,4.47,4.49,300,4.30
2009-09-22,4.25,4.46,4.25,4.45,600,4.26
2009-09-21,4.28,4.73,4.25,4.28,1000,4.10
2009-09-18,4.84,4.84,4.84,4.84,300,4.64
2009-09-17,4.73,4.89,4.01,4.89,2200,4.69
2009-09-16,4.50,4.50,4.50,4.50,000,4.31
2009-09-15,4.50,4.50,4.50,4.50,000,4.31
2009-09-14,4.50,4.50,4.50,4.50,000,4.31
2009-09-11,4.52,4.52,4.50,4.50,1500,4.31
2009-09-10,4.53,4.53,4.53,4.53,000,4.34
2009-09-09,4.53,4.53,4.53,4.53,000,4.34
2009-09-08,4.53,4.53,4.53,4.53,000,4.34
2009-09-04,4.53,4.53,4.53,4.53,100,4.34
2009-09-03,4.55,4.55,4.55,4.55,000,4.36
2009-09-02,4.53,4.55,4.52,4.55,400,4.36
2009-09-01,4.86,4.86,4.86,4.86,100,4.66
2009-08-31,4.85,4.97,4.85,4.97,400,4.76
2009-08-28,4.60,4.60,4.59,4.59,300,4.40
2009-08-27,4.98,4.98,4.98,4.98,200,4.77
2009-08-26,4.70,4.70,4.70,4.70,000,4.50
2009-08-25,4.70,4.70,4.70,4.70,300,4.50
2009-08-24,4.78,4.78,4.65,4.70,4500,4.50
2009-08-21,5.66,5.66,4.79,4.79,2100,4.59
2009-08-20,5.92,6.37,5.73,5.75,6900,5.51
2009-08-19,4.75,4.75,4.75,4.75,100,4.55
2009-08-18,4.82,4.82,4.82,4.82,000,4.62
2009-08-17,4.75,4.97,4.75,4.82,300,4.62
2009-08-14,5.92,5.92,4.81,4.81,7200,4.61
2009-08-13,5.40,5.48,5.25,5.25,300,5.03
2009-08-12,4.50,4.50,4.50,4.50,000,4.31
2009-08-11,4.50,4.50,4.50,4.50,000,4.31
2009-08-10,4.50,4.50,4.50,4.50,000,4.31
2009-08-07,4.75,5.97,4.21,4.50,3000,4.31
2009-08-06,4.50,4.75,4.50,4.75,5000,4.55
2009-08-05,4.50,4.50,4.14,4.14,600,3.97
2009-08-04,4.50,4.50,4.49,4.49,3600,4.30
2009-08-03,4.50,4.50,4.49,4.49,2200,4.30
2009-07-31,4.30,4.30,4.22,4.22,1800,4.04
2009-07-30,4.00,4.00,4.00,4.00,100,3.83
2009-07-29,4.00,4.00,4.00,4.00,000,3.83
2009-07-28,4.00,4.00,4.00,4.00,000,3.83
2009-07-27,4.00,4.00,4.00,4.00,000,3.83
2009-07-24,4.00,4.00,4.00,4.00,000,3.83
2009-07-23,4.00,4.00,4.00,4.00,000,3.83
2009-07-22,4.00,4.00,4.00,4.00,000,3.83
2009-07-21,4.00,4.00,4.00,4.00,000,3.83
2009-07-20,4.00,4.00,4.00,4.00,000,3.83
2009-07-17,4.00,4.00,4.00,4.00,000,3.83
2009-07-16,4.00,4.00,4.00,4.00,000,3.83
2009-07-15,4.00,4.00,4.00,4.00,200,3.83
2009-07-14,4.50,4.50,4.50,4.50,000,4.31
2009-07-13,4.50,4.50,4.50,4.50,000,4.31
2009-07-10,4.50,4.50,4.50,4.50,000,4.31
2009-07-09,4.50,4.50,4.50,4.50,000,4.31
2009-07-08,4.50,4.50,4.50,4.50,200,4.31
2009-07-07,4.50,4.50,4.50,4.50,000,4.31
2009-07-06,4.50,4.50,4.50,4.50,000,4.31
2009-07-02,4.50,4.50,4.50,4.50,000,4.31
2009-07-01,4.50,4.50,4.50,4.50,000,4.31
2009-06-30,4.48,4.50,4.48,4.50,1900,4.31
2009-06-29,4.00,4.00,4.00,4.00,000,3.83
2009-06-26,4.00,4.00,4.00,4.00,000,3.83
2009-06-25,4.00,4.00,4.00,4.00,000,3.83
2009-06-24,4.01,4.01,4.00,4.00,400,3.83
2009-06-23,4.01,4.05,4.00,4.00,1500,3.83
2009-06-22,4.03,4.03,4.03,4.03,000,3.86
2009-06-19,4.03,4.03,4.03,4.03,100,3.86
2009-06-18,4.50,4.50,4.50,4.50,000,4.31
2009-06-17,4.50,4.50,4.50,4.50,200,4.31
2009-06-16,4.50,4.50,4.50,4.50,000,4.31
2009-06-15,4.50,4.50,4.50,4.50,000,4.31
2009-06-12,4.50,4.50,4.50,4.50,000,4.31
2009-06-11,4.50,4.50,4.50,4.50,600,4.31
2009-06-10,4.50,4.50,4.50,4.50,000,4.31
2009-06-09,4.50,4.50,4.50,4.50,000,4.31
2009-06-08,4.50,4.50,4.50,4.50,000,4.31
2009-06-05,4.49,4.50,4.49,4.50,1400,4.31
2009-06-04,4.00,4.00,4.00,4.00,000,3.83
2009-06-03,4.02,4.02,4.00,4.00,800,3.83
2009-06-02,4.25,4.25,4.25,4.25,000,4.07
2009-06-01,4.25,4.25,4.25,4.25,000,4.07
2009-05-29,4.25,4.25,4.25,4.25,100,4.07
2009-05-28,4.30,4.30,4.30,4.30,000,4.12
2009-05-27,4.30,4.30,4.30,4.30,000,4.12
2009-05-26,4.30,4.30,4.30,4.30,000,4.12
2009-05-22,4.30,4.30,4.30,4.30,000,4.12
2009-05-21,4.30,4.30,4.30,4.30,000,4.12
2009-05-20,4.30,4.30,4.30,4.30,000,4.12
2009-05-19,4.30,4.30,4.30,4.30,000,4.12
2009-05-18,4.30,4.30,4.30,4.30,000,4.12
2009-05-15,4.30,4.30,4.30,4.30,000,4.12
2009-05-14,4.30,4.30,4.30,4.30,000,4.12
2009-05-13,4.50,4.50,4.30,4.30,900,4.12
2009-05-12,4.25,4.25,4.25,4.25,000,4.07
2009-05-11,4.25,4.25,4.25,4.25,000,4.07
2009-05-08,4.24,4.25,4.24,4.25,2800,4.07
2009-05-07,4.17,4.18,4.17,4.18,1500,4.01
2009-05-06,4.22,4.22,4.22,4.22,000,4.04
2009-05-05,4.22,4.22,4.22,4.22,000,4.04
2009-05-04,4.22,4.22,4.22,4.22,000,4.04
2009-05-01,4.22,4.22,4.22,4.22,000,4.04
2009-04-30,4.00,4.22,4.00,4.22,300,4.04
2009-04-29,3.76,3.76,3.76,3.76,000,3.60
2009-04-28,3.76,3.76,3.76,3.76,200,3.60
2009-04-27,4.25,4.25,4.25,4.25,100,4.07
2009-04-24,3.76,3.76,3.76,3.76,000,3.60
2009-04-23,3.76,3.76,3.76,3.76,000,3.60
2009-04-22,3.76,3.76,3.76,3.76,000,3.60
2009-04-21,3.76,3.76,3.76,3.76,000,3.60
2009-04-20,3.76,3.76,3.76,3.76,100,3.60
2009-04-17,3.90,3.90,3.90,3.90,000,3.74
2009-04-16,3.90,3.90,3.90,3.90,000,3.74
2009-04-15,4.01,4.01,3.90,3.90,500,3.74
2009-04-14,4.35,4.35,4.35,4.35,000,4.17
2009-04-13,4.35,4.35,4.35,4.35,000,4.17
2009-04-09,4.35,4.35,4.35,4.35,000,4.17
2009-04-08,4.35,4.35,4.35,4.35,000,4.17
2009-04-07,4.36,4.36,4.35,4.35,700,4.17
2009-04-06,4.35,4.35,4.10,4.10,200,3.93
2009-04-03,4.39,4.39,4.39,4.39,200,4.21
2009-04-02,4.00,4.00,4.00,4.00,000,3.83
2009-04-01,4.00,4.00,4.00,4.00,000,3.83
2009-03-31,4.00,4.00,4.00,4.00,000,3.83
2009-03-30,4.00,4.00,4.00,4.00,5000,3.83
2009-03-27,3.76,3.76,3.76,3.76,100,3.60
2009-03-26,4.39,4.39,4.39,4.39,600,4.21
2009-03-25,3.88,3.88,3.88,3.88,000,3.72
2009-03-24,3.88,3.88,3.88,3.88,000,3.72
2009-03-23,3.88,3.88,3.88,3.88,500,3.72
2009-03-20,4.38,4.38,4.38,4.38,000,4.20
2009-03-19,4.38,4.38,4.38,4.38,200,4.20
2009-03-18,4.34,4.40,3.75,4.40,12500,4.22
2009-03-17,4.24,4.50,4.24,4.50,360000,4.31
2009-03-16,3.65,3.74,3.65,3.74,600,3.58
2009-03-13,3.00,3.00,3.00,3.00,100,2.87
2009-03-12,2.97,2.97,2.97,2.97,000,2.85
2009-03-11,2.76,2.97,2.76,2.97,300,2.85
2009-03-10,2.63,3.10,2.63,3.10,1200,2.97
2009-03-09,3.10,3.10,3.10,3.10,000,2.97
2009-03-06,2.75,3.10,2.75,3.10,600,2.97
2009-03-05,3.18,3.24,2.96,3.24,1100,3.10
2009-03-04,3.14,3.14,3.14,3.14,000,3.01
2009-03-03,3.14,3.14,3.14,3.14,200,3.01
2009-03-02,3.00,3.00,3.00,3.00,000,2.87
2009-02-27,3.00,3.00,3.00,3.00,000,2.87
