Date,Open,High,Low,Close,Volume,Adj Close
2015-02-13,52.63,52.97,52.27,52.74,969200,52.74
2015-02-12,51.78,52.45,51.40,52.42,812500,52.42
2015-02-11,51.10,51.58,50.84,51.56,1372200,51.56
2015-02-10,50.18,51.05,49.99,51.00,1910900,51.00
2015-02-09,50.20,50.41,49.82,50.01,627200,50.01
2015-02-06,50.72,51.02,50.34,50.53,524000,50.53
2015-02-05,50.89,51.34,50.74,50.79,879800,50.79
2015-02-04,50.57,51.14,50.38,50.67,627100,50.67
2015-02-03,50.59,51.08,50.35,50.70,755500,50.70
2015-02-02,50.20,50.74,49.42,50.50,817500,50.50
2015-01-30,50.12,50.50,49.83,50.03,1366300,50.03
2015-01-29,50.12,50.80,49.65,50.73,816200,50.73
2015-01-28,50.51,50.89,49.99,49.99,612500,49.99
2015-01-27,50.25,50.72,49.93,50.49,483500,50.49
2015-01-26,50.70,50.92,50.24,50.75,614900,50.75
2015-01-23,50.77,51.23,50.49,50.89,1007300,50.89
2015-01-22,50.00,50.94,49.71,50.88,1410500,50.88
2015-01-21,49.97,50.40,49.75,50.14,1072000,50.14
2015-01-20,50.98,51.03,49.85,50.30,1134900,50.30
2015-01-16,50.45,50.99,50.45,50.76,901700,50.76
2015-01-15,51.25,51.26,50.52,50.59,938800,50.59
2015-01-14,51.61,51.96,50.93,51.34,807600,51.34
2015-01-13,52.74,53.16,51.74,52.10,765600,52.10
2015-01-12,52.87,53.24,52.19,52.26,710400,52.26
2015-01-09,53.75,53.81,52.63,52.76,796400,52.76
2015-01-08,52.54,53.81,52.54,53.54,1409500,53.54
2015-01-07,51.37,52.53,50.93,52.25,959800,52.25
2015-01-06,51.59,52.10,50.92,50.93,1988400,50.93
2015-01-05,51.94,52.15,51.29,51.57,1469800,51.57
2015-01-02,52.13,53.12,51.88,51.93,1825800,51.93
2014-12-31,53.55,54.19,53.22,53.27,760300,53.27
2014-12-30,53.55,53.97,53.29,53.34,549300,53.34
2014-12-29,53.83,54.02,53.64,53.73,391100,53.73
2014-12-26,53.75,54.38,53.75,53.84,295500,53.84
2014-12-24,53.98,54.14,53.76,53.76,369200,53.76
2014-12-23,54.37,54.49,53.62,54.00,504800,54.00
2014-12-22,53.81,54.32,53.70,54.09,588700,54.02
2014-12-19,54.21,54.79,53.69,53.70,1333900,53.63
2014-12-18,54.05,54.12,53.31,54.10,807800,54.03
2014-12-17,53.00,53.43,52.37,53.19,1190400,53.13
2014-12-16,53.19,54.00,52.98,53.00,648200,52.94
2014-12-15,54.23,54.45,53.37,53.41,933500,53.34
2014-12-12,53.99,54.78,53.99,54.21,1007200,54.14
2014-12-11,54.47,55.15,54.35,54.45,647100,54.38
2014-12-10,54.93,55.25,53.97,54.10,836800,54.03
2014-12-09,55.54,55.56,54.67,55.30,774500,55.23
2014-12-08,55.94,56.10,55.21,55.65,1106100,55.58
2014-12-05,55.61,56.25,55.56,56.03,861100,55.96
2014-12-04,55.65,55.91,55.42,55.61,915800,55.54
2014-12-03,55.22,55.89,55.16,55.65,681100,55.58
2014-12-02,54.88,55.55,54.84,55.28,615600,55.21
2014-12-01,53.62,55.08,53.59,54.74,1170000,54.67
2014-11-28,54.91,55.37,54.50,54.98,316000,54.91
2014-11-26,54.38,54.72,54.30,54.52,546700,54.45
2014-11-25,54.63,54.73,54.10,54.43,939200,54.36
2014-11-24,54.09,54.50,53.99,54.48,536700,54.41
2014-11-21,54.06,54.15,53.08,53.90,998200,53.83
2014-11-20,52.91,53.68,52.91,53.51,808500,53.44
2014-11-19,53.02,53.30,52.81,53.25,569700,53.19
2014-11-18,52.68,53.33,52.46,53.11,737300,53.05
2014-11-17,52.17,52.69,51.97,52.61,781800,52.55
2014-11-14,51.79,52.18,51.63,52.17,709400,52.11
2014-11-13,52.11,52.11,51.74,51.86,868400,51.80
2014-11-12,51.61,52.08,51.53,51.95,647900,51.89
2014-11-11,51.34,51.84,51.23,51.66,881100,51.60
2014-11-10,51.10,51.64,51.10,51.30,622800,51.24
2014-11-07,52.02,52.06,51.18,51.25,1154100,51.19
2014-11-06,51.62,52.21,51.44,52.13,915500,52.07
2014-11-05,51.10,51.67,50.85,51.62,884700,51.56
2014-11-04,50.70,50.99,50.55,50.77,961300,50.71
2014-11-03,50.61,50.94,50.41,50.71,1032500,50.65
2014-10-31,50.52,50.94,50.32,50.77,1468100,50.71
2014-10-30,49.20,50.47,48.62,50.09,1799200,50.03
2014-10-29,47.75,49.41,47.51,49.32,1899400,49.26
2014-10-28,46.78,47.64,46.60,47.58,1181500,47.52
2014-10-27,46.06,46.78,46.00,46.73,743800,46.67
2014-10-24,45.93,46.34,45.91,46.14,1001500,46.08
2014-10-23,45.88,46.32,45.75,45.94,743900,45.88
2014-10-22,46.10,46.17,45.48,45.52,601300,45.46
2014-10-21,44.95,45.95,44.72,45.94,880600,45.88
2014-10-20,44.33,44.91,43.83,44.76,1238100,44.71
2014-10-17,45.17,45.72,44.79,45.30,1226500,45.24
2014-10-16,45.05,45.33,44.46,44.79,1567600,44.74
2014-10-15,44.54,46.06,44.21,45.72,1871900,45.66
2014-10-14,44.69,45.03,44.50,44.89,973700,44.84
2014-10-13,44.99,45.15,44.52,44.52,654900,44.47
2014-10-10,45.14,45.43,44.91,44.93,854200,44.88
2014-10-09,45.59,46.01,45.04,45.04,591700,44.99
2014-10-08,45.23,45.79,45.15,45.75,567500,45.69
2014-10-07,45.81,45.90,45.27,45.28,786100,45.22
2014-10-06,46.35,46.57,45.84,46.01,773000,45.95
2014-10-03,45.67,46.25,45.56,46.18,774400,46.12
2014-10-02,45.31,45.64,45.07,45.45,498900,45.39
2014-10-01,45.60,45.67,45.07,45.31,1022500,45.25
2014-09-30,45.90,46.06,45.51,45.60,744400,45.54
2014-09-29,45.36,45.92,45.12,45.90,484700,45.84
2014-09-26,45.50,45.71,45.20,45.71,606700,45.65
2014-09-25,46.01,46.20,45.38,45.38,520900,45.32
2014-09-24,45.75,46.25,45.67,46.22,402300,46.16
2014-09-23,45.76,46.16,45.61,45.78,462200,45.66
2014-09-22,46.56,46.69,45.98,46.04,849000,45.92
2014-09-19,46.96,46.97,46.54,46.60,691900,46.48
2014-09-18,46.59,46.78,46.51,46.70,415400,46.58
2014-09-17,46.70,46.82,46.39,46.57,455000,46.45
2014-09-16,46.45,46.73,46.29,46.57,419800,46.45
2014-09-15,46.82,46.82,46.47,46.63,382700,46.51
2014-09-12,47.03,47.12,46.64,46.75,480900,46.63
2014-09-11,47.49,47.49,46.90,47.13,729100,47.00
2014-09-10,47.33,47.35,47.02,47.30,671800,47.17
2014-09-09,47.62,47.62,47.10,47.18,807900,47.05
2014-09-08,47.36,47.96,47.21,47.63,738300,47.50
2014-09-05,47.89,47.89,47.14,47.55,673700,47.42
2014-09-04,47.85,48.17,47.50,47.62,516400,47.49
2014-09-03,47.95,48.10,47.62,47.77,347700,47.64
2014-09-02,47.91,48.01,47.70,47.78,398600,47.65
2014-08-29,47.66,47.73,47.19,47.71,426700,47.58
2014-08-28,47.85,48.00,47.21,47.59,469500,47.46
2014-08-27,48.44,48.45,47.96,48.06,394800,47.93
2014-08-26,48.40,48.49,48.22,48.40,370800,48.27
2014-08-25,48.24,48.54,48.06,48.29,665900,48.16
2014-08-22,47.68,48.23,47.60,47.99,657600,47.86
2014-08-21,47.60,47.85,47.44,47.81,500900,47.68
2014-08-20,47.50,47.72,47.34,47.55,457100,47.42
2014-08-19,47.65,47.81,47.48,47.73,465800,47.60
2014-08-18,47.56,47.86,47.30,47.58,556400,47.45
2014-08-15,47.76,47.86,47.00,47.34,744300,47.21
2014-08-14,47.28,47.68,47.16,47.65,398200,47.52
2014-08-13,45.88,47.23,45.88,47.19,287700,47.06
2014-08-12,46.48,46.81,46.48,46.63,389800,46.51
2014-08-11,46.36,47.02,46.07,46.56,522700,46.44
2014-08-08,46.11,46.26,45.72,46.24,579900,46.12
2014-08-07,46.94,47.30,45.82,45.87,765600,45.75
2014-08-06,46.29,47.04,46.10,46.83,397000,46.71
2014-08-05,46.85,47.45,46.37,46.41,1349000,46.29
2014-08-04,46.47,46.84,46.08,46.82,661500,46.70
2014-08-01,46.25,46.78,46.09,46.47,652700,46.35
2014-07-31,46.50,47.33,46.28,46.42,1046300,46.30
2014-07-30,47.29,47.62,47.18,47.44,829000,47.31
2014-07-29,47.36,47.41,47.01,47.21,694700,47.08
2014-07-28,46.89,47.27,46.47,47.19,535100,47.06
2014-07-25,46.77,46.86,46.63,46.83,350700,46.71
2014-07-24,46.85,46.99,46.69,46.89,241200,46.77
2014-07-23,46.85,47.06,46.72,46.81,314400,46.69
2014-07-22,46.69,47.14,46.69,46.95,479400,46.83
2014-07-21,46.37,46.53,46.08,46.44,402200,46.32
2014-07-18,46.42,46.67,46.14,46.62,471600,46.50
2014-07-17,47.06,47.30,46.21,46.27,1057700,46.15
2014-07-16,47.21,47.52,47.14,47.32,757600,47.19
2014-07-15,47.25,47.47,46.87,47.03,521200,46.90
2014-07-14,47.63,47.88,47.23,47.41,314400,47.28
2014-07-11,47.50,47.54,47.21,47.46,350100,47.33
2014-07-10,47.20,47.67,47.11,47.50,549900,47.37
2014-07-09,47.61,47.78,47.37,47.58,480100,47.45
2014-07-08,47.69,47.71,47.29,47.49,759300,47.36
2014-07-07,47.84,47.94,47.27,47.81,657800,47.68
2014-07-03,47.61,47.94,47.51,47.83,1181200,47.70
2014-07-02,47.38,47.57,47.27,47.57,479100,47.44
2014-07-01,47.54,47.83,47.27,47.51,928200,47.38
2014-06-30,47.54,47.67,47.22,47.35,669300,47.22
2014-06-27,47.77,48.03,47.37,47.47,836500,47.34
2014-06-26,48.00,48.12,47.72,47.95,352300,47.82
2014-06-25,47.42,48.05,47.27,48.02,467400,47.89
2014-06-24,47.61,48.02,47.55,47.56,522600,47.37
2014-06-23,47.61,47.82,47.38,47.55,802200,47.36
2014-06-20,47.93,47.93,47.59,47.72,959400,47.53
2014-06-19,47.91,47.95,47.67,47.77,385200,47.58
2014-06-18,47.64,47.83,47.49,47.81,803700,47.62
2014-06-17,47.77,48.04,47.63,47.69,602100,47.50
2014-06-16,47.80,48.11,47.68,47.87,1553900,47.68
2014-06-13,47.92,47.94,47.57,47.80,777100,47.61
2014-06-12,47.92,47.98,47.28,47.85,1086100,47.66
2014-06-11,47.97,48.10,47.91,48.04,708800,47.85
2014-06-10,48.10,48.12,47.95,48.09,408800,47.90
2014-06-09,48.23,48.38,48.06,48.21,720300,48.02
2014-06-06,48.00,48.32,47.86,48.26,934300,48.06
2014-06-05,47.84,48.09,47.54,47.90,622900,47.71
2014-06-04,47.57,47.77,47.45,47.75,468000,47.56
2014-06-03,47.13,47.73,47.07,47.69,755900,47.50
2014-06-02,47.39,47.58,47.11,47.35,563100,47.16
2014-05-30,47.19,47.49,47.17,47.29,587000,47.10
2014-05-29,47.40,47.42,47.02,47.31,551600,47.12
2014-05-28,47.08,47.35,46.82,47.24,594800,47.05
2014-05-27,47.17,47.24,46.82,47.10,569600,46.91
2014-05-23,46.81,47.02,46.51,46.90,465300,46.71
2014-05-22,46.66,47.12,46.48,46.89,808400,46.70
2014-05-21,46.50,46.90,46.25,46.77,400900,46.58
2014-05-20,46.57,46.60,45.82,46.36,689100,46.17
2014-05-19,46.30,46.81,46.19,46.67,585400,46.48
2014-05-16,46.33,46.40,45.86,46.39,834200,46.20
2014-05-15,46.02,46.22,45.57,45.96,675100,45.77
2014-05-14,46.54,46.66,45.98,46.16,797100,45.97
2014-05-13,46.45,46.65,46.31,46.58,739600,46.39
2014-05-12,46.29,46.80,46.16,46.44,729000,46.25
2014-05-09,45.44,46.26,45.34,46.15,949800,45.96
2014-05-08,45.55,46.24,45.53,45.67,1175900,45.49
2014-05-07,45.52,45.83,45.20,45.71,1872700,45.53
2014-05-06,46.04,46.47,45.34,45.40,2084200,45.22
2014-05-05,44.98,45.72,44.67,45.47,1828000,45.29
2014-05-02,45.00,45.73,44.88,45.21,1529200,45.03
2014-05-01,44.73,45.20,44.46,44.98,801600,44.80
2014-04-30,44.33,44.64,44.18,44.63,684900,44.45
2014-04-29,44.80,45.03,44.51,44.53,550000,44.35
2014-04-28,44.40,44.81,44.12,44.58,724700,44.40
2014-04-25,44.58,44.88,44.17,44.34,1111900,44.16
2014-04-24,45.31,45.31,44.65,44.72,628200,44.54
2014-04-23,45.08,45.43,44.82,45.04,1078100,44.86
2014-04-22,45.45,45.45,44.62,45.10,1041900,44.92
2014-04-21,45.32,45.47,44.97,45.29,692400,45.11
2014-04-17,44.62,45.58,44.42,45.19,873100,45.01
2014-04-16,44.87,44.87,44.21,44.70,758500,44.52
2014-04-15,44.58,45.01,43.85,44.65,757200,44.47
2014-04-14,44.82,45.04,44.06,44.51,874700,44.33
2014-04-11,44.76,45.11,44.33,44.50,1259800,44.32
2014-04-10,46.37,46.37,45.04,45.06,972500,44.88
2014-04-09,46.17,46.48,45.88,46.30,833400,46.11
2014-04-08,45.87,46.53,45.62,46.11,1390900,45.92
2014-04-07,46.89,47.10,45.86,46.05,925200,45.86
2014-04-04,47.66,47.87,46.73,46.85,922700,46.66
2014-04-03,47.60,47.75,47.16,47.46,1570800,47.27
2014-04-02,47.07,47.71,46.76,47.65,1521900,47.46
2014-04-01,46.22,47.02,45.95,47.00,1286500,46.81
2014-03-31,45.66,46.19,45.41,46.04,783400,45.85
2014-03-28,45.41,45.99,45.30,45.49,626100,45.31
2014-03-27,45.56,45.56,45.14,45.21,602100,45.03
2014-03-26,45.58,45.74,45.27,45.47,1016400,45.29
2014-03-25,45.34,45.71,45.08,45.55,1018300,45.30
2014-03-24,45.78,45.78,45.01,45.13,1111500,44.88
2014-03-21,46.24,46.35,45.54,45.73,1115600,45.48
2014-03-20,45.66,45.81,45.40,45.79,429800,45.54
2014-03-19,45.80,46.18,45.53,45.78,472600,45.53
2014-03-18,45.66,45.92,45.39,45.88,599500,45.63
2014-03-17,45.12,45.67,45.12,45.56,815900,45.31
2014-03-14,45.29,45.42,44.76,44.86,936000,44.61
2014-03-13,45.85,46.00,45.11,45.29,570100,45.04
2014-03-12,46.03,46.38,45.71,45.79,714700,45.54
2014-03-11,46.53,46.62,46.10,46.20,420600,45.95
2014-03-10,46.87,47.03,46.20,46.44,731900,46.19
2014-03-07,46.09,46.89,45.87,46.86,1210500,46.60
2014-03-06,46.19,46.50,45.83,45.89,976200,45.64
2014-03-05,46.14,46.23,45.81,46.13,939200,45.88
2014-03-04,45.29,46.31,45.24,46.17,1061300,45.92
2014-03-03,45.29,45.62,44.91,44.94,1135800,44.69
2014-02-28,45.52,45.68,45.01,45.38,1372700,45.13
2014-02-27,45.25,45.46,45.20,45.39,1444500,45.14
2014-02-26,45.31,45.65,45.08,45.16,1131900,44.91
2014-02-25,45.04,45.51,44.96,45.29,1310400,45.04
2014-02-24,45.17,45.52,44.97,45.11,1180400,44.86
2014-02-21,45.45,45.76,44.98,45.00,2210400,44.75
2014-02-20,44.98,45.52,44.60,45.47,895700,45.22
2014-02-19,45.17,45.52,44.55,44.69,1305200,44.44
2014-02-18,43.00,45.92,43.00,45.69,2367300,45.44
2014-02-14,46.01,46.67,45.81,46.24,1679500,45.99
2014-02-13,45.64,46.45,45.29,45.99,1119700,45.74
2014-02-12,46.20,46.61,45.87,45.97,1014700,45.72
2014-02-11,45.71,46.44,45.42,46.28,818000,46.03
2014-02-10,45.68,45.90,45.38,45.83,1062100,45.58
2014-02-07,45.45,45.73,45.22,45.61,911300,45.36
2014-02-06,45.01,45.39,44.70,45.32,928100,45.07
2014-02-05,44.72,45.16,44.46,44.98,592100,44.73
2014-02-04,45.17,45.19,44.58,44.92,1164100,44.67
2014-02-03,46.20,46.34,44.91,44.95,1195000,44.70
2014-01-31,46.03,46.24,45.70,46.14,714600,45.89
2014-01-30,46.31,46.81,46.10,46.60,809000,46.34
2014-01-29,45.86,46.40,45.72,46.05,666200,45.80
2014-01-28,45.75,46.47,45.34,46.19,1141200,45.94
2014-01-27,43.80,46.10,42.99,45.86,1145100,45.61
2014-01-24,46.76,46.91,45.83,45.84,1520900,45.59
2014-01-23,47.42,48.04,46.91,47.03,1360800,46.77
2014-01-22,47.93,48.39,47.62,47.78,736400,47.52
2014-01-21,48.32,48.72,47.96,48.02,1012600,47.76
2014-01-17,48.34,48.34,47.85,47.90,1008000,47.64
2014-01-16,48.14,48.38,48.03,48.26,1046200,48.00
2014-01-15,48.86,48.88,48.29,48.31,957900,48.04
2014-01-14,48.48,48.86,48.33,48.73,607600,48.46
2014-01-13,48.95,49.00,48.23,48.31,729700,48.04
2014-01-10,48.88,49.13,48.73,48.95,2028500,48.68
2014-01-09,48.67,48.95,48.57,48.91,628000,48.64
2014-01-08,48.75,48.98,48.57,48.73,801600,48.46
2014-01-07,48.05,48.74,48.01,48.64,2218300,48.37
2014-01-06,48.32,48.44,47.74,47.90,986700,47.64
2014-01-03,48.24,48.43,47.96,48.19,623300,47.93
2014-01-02,47.94,48.31,47.78,47.96,1025400,47.70
2013-12-31,48.55,48.69,48.32,48.48,434400,48.21
2013-12-30,48.49,48.50,48.32,48.47,287500,48.20
2013-12-27,48.70,48.70,48.26,48.34,511800,48.07
2013-12-26,48.77,48.96,48.49,48.55,464700,48.28
2013-12-24,48.96,49.07,48.54,48.74,354600,48.47
2013-12-23,48.53,48.99,48.30,48.86,753800,48.53
2013-12-20,48.46,48.61,48.02,48.43,5960900,48.10
2013-12-19,47.99,48.47,47.62,48.33,882900,48.00
2013-12-18,47.57,48.22,47.10,48.21,804800,47.88
2013-12-17,47.64,47.81,47.17,47.46,677800,47.14
2013-12-16,47.97,48.23,47.47,47.67,871200,47.35
2013-12-13,48.41,48.61,47.80,47.84,822400,47.52
2013-12-12,48.47,48.60,47.93,48.24,1286900,47.91
2013-12-11,48.50,50.99,48.36,48.49,2004000,48.16
2013-12-10,47.49,48.18,47.44,48.07,707300,47.74
2013-12-09,47.87,48.05,47.52,47.57,602900,47.25
2013-12-06,47.50,48.08,47.24,47.87,751600,47.55
2013-12-05,47.26,47.48,46.83,46.94,803000,46.62
2013-12-04,46.96,47.66,46.86,47.28,753100,46.96
2013-12-03,47.31,47.32,47.01,47.22,765500,46.90
2013-12-02,47.56,47.63,47.28,47.38,590100,47.06
2013-11-29,47.67,47.79,47.42,47.56,255200,47.24
2013-11-27,47.92,48.01,47.56,47.69,352800,47.37
2013-11-26,47.88,48.02,47.60,47.72,629600,47.40
2013-11-25,48.05,48.13,47.75,47.84,434800,47.52
2013-11-22,47.83,47.98,47.65,47.85,615200,47.53
2013-11-21,48.14,48.17,47.76,47.86,887000,47.54
2013-11-20,48.17,48.33,47.72,47.83,575400,47.51
2013-11-19,48.56,48.93,47.85,48.15,781900,47.82
2013-11-18,48.72,48.97,48.29,48.49,533400,48.16
2013-11-15,48.60,48.97,48.35,48.62,658800,48.29
2013-11-14,48.25,48.65,48.08,48.55,625500,48.22
2013-11-13,47.90,48.12,47.55,48.10,772400,47.77
2013-11-12,47.35,48.16,47.35,48.00,761200,47.68
2013-11-11,47.65,47.91,47.44,47.59,680500,47.27
2013-11-08,47.11,47.83,47.06,47.81,801300,47.49
2013-11-07,47.61,47.69,47.13,47.15,682500,46.83
2013-11-06,47.20,47.53,47.02,47.33,440900,47.01
2013-11-05,47.30,47.44,46.98,47.14,552300,46.82
2013-11-04,47.17,47.48,47.12,47.45,769200,47.13
2013-11-01,47.30,47.43,46.81,47.15,784100,46.83
2013-10-31,46.81,47.23,46.55,47.11,882000,46.79
2013-10-30,45.86,46.99,45.71,46.78,1027700,46.46
2013-10-29,45.00,45.76,44.63,45.71,1345700,45.40
2013-10-28,44.88,45.18,44.81,44.98,1037000,44.68
2013-10-25,45.11,45.11,44.82,45.00,672800,44.70
2013-10-24,45.44,45.48,44.99,45.00,711200,44.70
2013-10-23,45.45,45.56,45.28,45.46,528100,45.15
2013-10-22,46.04,46.11,45.50,45.55,490300,45.24
2013-10-21,45.65,46.10,45.44,45.73,1267300,45.42
2013-10-18,45.03,45.95,45.03,45.70,923200,45.39
2013-10-17,44.32,45.46,44.31,45.41,1303300,45.10
2013-10-16,44.48,44.86,44.40,44.50,915100,44.20
2013-10-15,44.63,44.63,44.15,44.29,718600,43.99
2013-10-14,44.32,44.76,44.04,44.73,460800,44.43
2013-10-11,43.82,44.59,43.80,44.57,437800,44.27
2013-10-10,43.84,44.11,43.56,44.09,495700,43.79
2013-10-09,43.68,43.79,43.41,43.53,784200,43.24
2013-10-08,43.96,44.39,43.49,43.53,1086600,43.24
2013-10-07,44.15,44.55,43.92,43.94,672800,43.64
2013-10-04,43.94,44.81,43.48,44.49,1424400,44.19
2013-10-03,43.75,43.81,43.18,43.22,1009200,42.93
2013-10-02,43.26,43.87,42.99,43.85,630700,43.55
2013-10-01,43.51,43.77,43.32,43.62,710100,43.32
2013-09-30,43.08,43.46,42.98,43.41,783500,43.12
2013-09-27,43.37,43.52,43.25,43.39,761000,43.10
2013-09-26,43.64,43.64,43.38,43.51,928400,43.22
2013-09-25,43.87,43.94,43.41,43.43,865000,43.14
2013-09-24,44.12,44.30,43.80,43.92,642700,43.56
2013-09-23,43.89,44.24,43.67,44.10,662000,43.74
2013-09-20,44.40,44.42,43.96,44.08,963900,43.72
2013-09-19,44.71,44.93,44.28,44.31,569800,43.95
2013-09-18,44.41,44.58,44.00,44.51,770900,44.15
2013-09-17,44.60,44.70,44.45,44.51,588800,44.15
2013-09-16,44.72,45.06,44.47,44.54,805300,44.18
2013-09-13,44.65,44.65,44.09,44.11,482900,43.75
2013-09-12,44.85,45.04,44.50,44.53,709900,44.17
2013-09-11,44.34,45.37,44.34,45.15,1131400,44.78
2013-09-10,43.41,44.42,43.40,44.38,1571700,44.02
2013-09-09,42.86,43.52,42.83,43.30,1235500,42.95
2013-09-06,42.70,42.96,42.09,42.84,820300,42.49
2013-09-05,42.14,42.45,42.07,42.43,439100,42.08
2013-09-04,41.92,42.42,41.92,42.20,477600,41.85
2013-09-03,42.42,42.58,41.85,42.00,1203000,41.66
2013-08-30,42.12,42.14,41.86,41.99,945500,41.65
2013-08-29,41.77,42.36,41.71,42.05,565500,41.71
2013-08-28,41.97,42.14,41.72,42.11,701800,41.76
2013-08-27,41.78,41.91,41.57,41.83,925100,41.49
2013-08-26,42.25,42.46,42.07,42.10,640800,41.76
2013-08-23,42.32,42.53,42.09,42.27,673900,41.92
2013-08-22,41.62,42.30,41.58,42.29,684100,41.94
2013-08-21,41.57,41.91,41.31,41.59,702900,41.25
2013-08-20,41.94,41.95,41.59,41.87,549600,41.53
2013-08-19,41.97,42.16,41.70,41.79,588100,41.45
2013-08-16,42.03,42.21,41.70,41.98,775500,41.64
2013-08-15,42.51,42.63,42.00,42.15,1112800,41.80
2013-08-14,42.75,42.81,42.55,42.71,519800,42.36
2013-08-13,42.69,42.89,42.44,42.72,446300,42.37
2013-08-12,42.44,42.90,42.33,42.71,380200,42.36
2013-08-09,42.52,42.84,42.38,42.57,639900,42.22
2013-08-08,42.52,42.79,42.37,42.76,558300,42.41
2013-08-07,42.52,42.56,42.31,42.40,546800,42.05
2013-08-06,42.71,42.71,42.33,42.58,952700,42.23
2013-08-05,42.92,43.00,42.59,42.70,391900,42.35
2013-08-02,42.74,43.00,42.26,42.97,735500,42.62
2013-08-01,42.40,43.10,41.99,42.90,1561500,42.55
2013-07-31,42.38,43.01,42.25,42.88,1093600,42.53
2013-07-30,42.10,42.50,42.05,42.25,622000,41.90
2013-07-29,42.00,42.36,41.81,42.10,516500,41.76
2013-07-26,41.90,42.21,41.48,42.15,787700,41.80
2013-07-25,42.15,42.63,41.95,42.08,738300,41.74
2013-07-24,42.60,42.70,42.24,42.32,897400,41.97
2013-07-23,40.81,42.66,40.81,42.50,643500,42.15
2013-07-22,42.50,42.71,42.28,42.67,948400,42.32
2013-07-19,42.40,42.50,42.23,42.42,887200,42.07
2013-07-18,42.11,42.49,41.96,42.40,563300,42.05
2013-07-17,42.13,42.25,41.96,42.10,421000,41.76
2013-07-16,42.12,42.25,41.88,42.02,795500,41.68
2013-07-15,41.96,42.18,41.81,42.00,371200,41.66
2013-07-12,42.16,42.29,41.84,41.99,861100,41.65
2013-07-11,42.28,42.46,41.74,42.18,690200,41.83
2013-07-10,41.80,42.05,41.75,41.87,699300,41.53
2013-07-09,41.98,42.08,41.89,41.96,414900,41.62
2013-07-08,41.98,41.98,41.54,41.80,491600,41.46
2013-07-05,41.51,41.83,40.87,41.83,572500,41.49
2013-07-03,40.99,41.25,40.82,41.14,809200,40.80
2013-07-02,41.11,41.55,40.88,41.10,894500,40.76
2013-07-01,41.32,41.65,40.97,41.16,684100,40.82
2013-06-28,41.01,41.37,40.80,40.96,1224800,40.62
2013-06-27,40.60,41.30,40.60,41.23,690600,40.89
2013-06-26,40.56,40.75,40.44,40.47,424600,40.14
2013-06-25,40.57,40.65,40.09,40.24,900900,39.85
2013-06-24,40.66,40.79,39.90,40.38,1106100,39.99
2013-06-21,40.68,41.07,40.28,40.87,1285800,40.47
2013-06-20,40.61,40.68,40.19,40.44,1012100,40.05
2013-06-19,41.73,41.73,40.99,41.12,638600,40.72
2013-06-18,41.60,41.91,41.54,41.78,507300,41.37
2013-06-17,41.25,41.66,41.25,41.58,1119900,41.17
2013-06-14,41.31,41.44,40.92,41.01,427200,40.61
2013-06-13,41.56,41.65,40.61,41.38,658900,40.98
2013-06-12,41.21,41.32,40.82,40.92,520700,40.52
2013-06-11,41.06,41.32,40.85,41.00,622800,40.60
2013-06-10,41.43,41.48,41.13,41.41,964900,41.01
2013-06-07,41.29,41.60,41.16,41.41,883300,41.01
2013-06-06,41.40,41.54,40.75,41.13,852500,40.73
2013-06-05,41.85,41.97,41.40,41.43,886200,41.03
2013-06-04,42.25,42.44,41.86,41.91,895700,41.50
2013-06-03,41.88,42.24,41.62,42.23,874700,41.82
2013-05-31,41.76,42.46,41.69,41.76,759600,41.35
2013-05-30,41.71,42.15,41.71,42.00,602300,41.59
2013-05-29,41.98,42.13,41.54,41.85,1050000,41.44
2013-05-28,41.46,42.14,41.26,42.11,897100,41.70
2013-05-24,41.24,41.26,40.89,41.15,1708900,40.75
2013-05-23,41.45,41.87,41.31,41.51,901200,41.11
2013-05-22,42.17,42.62,41.29,41.47,984600,41.07
2013-05-21,42.27,42.38,42.03,42.31,905800,41.90
2013-05-20,41.99,42.54,41.94,42.18,549000,41.77
2013-05-17,42.45,42.53,42.14,42.28,998700,41.87
2013-05-16,42.50,42.51,41.97,42.18,1452600,41.77
2013-05-15,42.75,42.89,42.43,42.53,975900,42.12
2013-05-14,42.00,42.81,41.79,42.80,1104200,42.38
2013-05-13,42.47,42.63,41.93,42.04,1034500,41.63
2013-05-10,42.57,43.07,42.45,42.64,951100,42.22
2013-05-09,40.55,42.65,40.50,42.45,2811800,42.04
2013-05-08,43.39,44.21,43.21,44.20,917800,43.77
2013-05-07,42.97,43.40,42.87,43.39,603400,42.97
2013-05-06,42.62,43.11,42.51,43.00,682100,42.58
2013-05-03,42.50,42.88,42.27,42.66,611900,42.24
2013-05-02,42.11,42.22,41.69,42.11,592000,41.70
2013-05-01,42.23,42.46,41.78,41.82,656100,41.41
2013-04-30,42.05,42.37,41.71,42.35,698700,41.94
2013-04-29,41.72,42.25,41.44,42.20,494600,41.79
2013-04-26,41.90,42.02,41.43,41.63,450200,41.22
2013-04-25,41.99,42.20,41.79,41.91,427000,41.50
2013-04-24,41.70,41.95,41.70,41.76,550700,41.35
2013-04-23,41.23,41.65,41.10,41.65,488900,41.24
2013-04-22,41.51,41.52,40.83,41.10,455400,40.70
2013-04-19,41.36,41.59,40.77,41.56,569000,41.15
2013-04-18,41.37,41.43,40.71,40.86,560200,40.46
2013-04-17,41.78,42.09,41.35,41.43,712700,41.03
2013-04-16,41.34,42.25,41.12,42.22,738400,41.81
2013-04-15,42.50,42.50,41.18,41.19,682400,40.79
2013-04-12,42.21,42.27,41.89,42.04,680800,41.63
2013-04-11,41.97,42.40,41.79,42.22,586700,41.81
2013-04-10,41.37,41.99,41.28,41.87,674700,41.46
2013-04-09,41.27,41.38,40.98,41.30,494600,40.90
2013-04-08,40.68,41.13,40.64,41.13,557100,40.73
2013-04-05,40.62,40.80,40.40,40.73,563000,40.33
2013-04-04,40.99,41.41,40.81,41.23,577300,40.83
2013-04-03,41.53,41.63,40.71,40.87,934100,40.47
2013-04-02,42.49,42.62,41.49,41.62,883500,41.21
2013-04-01,42.38,42.50,41.90,42.11,579700,41.70
2013-03-28,41.89,42.50,41.63,42.44,668100,42.03
2013-03-27,41.62,41.89,41.42,41.76,598800,41.35
2013-03-26,41.71,42.21,41.68,41.90,633500,41.49
2013-03-25,42.11,42.18,41.42,41.67,351800,41.20
2013-03-22,41.75,42.04,41.63,42.01,540900,41.54
2013-03-21,42.11,42.38,41.57,41.57,888700,41.10
2013-03-20,42.33,42.54,42.14,42.39,1049900,41.91
2013-03-19,41.77,42.05,41.46,41.92,653000,41.45
2013-03-18,41.88,42.33,41.64,41.67,504400,41.20
2013-03-15,42.41,42.61,42.12,42.33,961800,41.85
2013-03-14,42.65,42.65,42.32,42.62,607000,42.14
2013-03-13,42.75,42.79,42.40,42.49,604800,42.01
2013-03-12,42.76,42.80,42.52,42.75,618800,42.27
2013-03-11,42.77,43.63,42.45,42.86,425500,42.38
2013-03-08,42.76,42.86,42.51,42.74,296300,42.26
2013-03-07,42.47,42.59,42.15,42.54,560900,42.06
2013-03-06,42.11,42.42,42.06,42.29,568000,41.81
2013-03-05,41.45,42.29,41.45,42.01,888500,41.54
2013-03-04,41.13,41.31,40.94,41.29,748100,40.83
2013-03-01,41.27,41.53,40.86,41.16,1035200,40.70
2013-02-28,41.32,41.65,41.24,41.42,532400,40.95
2013-02-27,41.00,41.50,40.88,41.30,647600,40.84
2013-02-26,40.89,41.35,40.74,40.88,724200,40.42
2013-02-25,42.02,42.34,40.85,40.86,952600,40.40
2013-02-22,41.44,41.90,41.39,41.78,727900,41.31
2013-02-21,42.87,42.89,41.28,41.31,1277200,40.85
2013-02-20,43.05,43.45,42.47,43.00,920400,42.52
2013-02-19,42.78,43.51,42.78,43.49,1226800,43.00
2013-02-15,42.73,42.90,42.57,42.80,712600,42.32
2013-02-14,42.89,43.00,42.68,42.91,759900,42.43
2013-02-13,42.89,43.39,42.70,43.08,851300,42.60
2013-02-12,42.82,42.99,42.69,42.87,358000,42.39
2013-02-11,42.87,42.90,42.67,42.84,422300,42.36
2013-02-08,42.66,42.88,42.59,42.87,624400,42.39
2013-02-07,42.71,42.85,42.15,42.52,445700,42.04
2013-02-06,42.22,42.70,41.95,42.70,567300,42.22
2013-02-05,42.19,42.44,42.03,42.39,398500,41.91
2013-02-04,42.18,42.50,41.80,42.05,463500,41.58
2013-02-01,42.00,42.69,41.87,42.47,702900,41.99
2013-01-31,42.08,42.18,41.59,41.76,920700,41.29
2013-01-30,42.10,42.22,41.84,41.96,474700,41.49
2013-01-29,42.04,42.22,41.99,42.13,508800,41.66
2013-01-28,42.47,42.60,42.01,42.20,488800,41.73
2013-01-25,41.78,42.45,41.54,42.33,1009400,41.85
2013-01-24,41.00,41.64,40.84,41.54,856700,41.07
2013-01-23,40.90,40.98,40.75,40.88,626000,40.42
2013-01-22,40.69,40.95,40.53,40.89,545800,40.43
2013-01-18,40.58,40.96,40.44,40.85,986500,40.39
2013-01-17,39.89,40.90,39.85,40.68,1107900,40.22
2013-01-16,39.36,39.82,39.36,39.82,705700,39.37
2013-01-15,39.72,39.73,39.46,39.59,887000,39.14
2013-01-14,39.99,40.12,39.67,39.81,1060500,39.36
2013-01-11,40.35,40.54,39.86,39.93,606800,39.48
2013-01-10,40.52,40.52,40.15,40.33,525300,39.88
2013-01-09,40.53,40.60,40.30,40.41,490300,39.96
2013-01-08,40.67,40.85,40.27,40.43,698900,39.98
2013-01-07,40.69,40.90,40.48,40.90,554100,40.44
2013-01-04,40.54,40.85,40.31,40.76,660400,40.30
2013-01-03,40.50,40.70,39.80,40.41,525500,39.96
2013-01-02,40.22,40.54,39.92,40.52,856600,40.06
2012-12-31,39.12,39.64,38.76,39.61,794600,39.16
2012-12-28,39.22,39.65,38.98,39.01,702200,38.57
2012-12-27,39.70,39.70,38.97,39.38,526800,38.94
2012-12-26,40.31,40.38,39.48,39.55,499600,39.11
2012-12-24,40.44,40.55,39.82,40.09,199100,39.58
2012-12-21,40.03,40.50,39.57,40.35,1464700,39.84
2012-12-20,40.19,40.45,39.94,40.40,735900,39.89
2012-12-19,40.55,40.82,40.38,40.38,762500,39.87
2012-12-18,40.41,40.73,40.22,40.50,812900,39.99
2012-12-17,39.87,40.39,39.87,40.36,762200,39.85
2012-12-14,39.48,39.92,39.48,39.71,611600,39.21
2012-12-13,39.89,40.17,39.41,39.62,393200,39.12
2012-12-12,40.21,40.47,39.90,40.02,411400,39.52
2012-12-11,39.72,40.45,39.67,40.16,1033300,39.65
2012-12-10,39.27,39.72,39.17,39.60,374100,39.10
2012-12-07,39.33,39.54,39.16,39.28,338600,38.79
2012-12-06,39.05,39.36,38.85,39.18,671400,38.69
2012-12-05,39.27,39.64,38.97,39.28,487600,38.79
2012-12-04,39.95,39.95,39.06,39.15,807000,38.66
2012-12-03,39.79,39.85,39.45,39.53,817200,39.03
2012-11-30,39.77,39.89,39.52,39.70,718700,39.20
2012-11-29,39.50,39.84,39.37,39.65,433800,39.15
2012-11-28,38.80,39.48,38.72,39.43,767200,38.93
2012-11-27,39.08,39.18,38.81,38.87,511200,38.38
2012-11-26,39.28,39.28,38.89,39.22,326100,38.73
2012-11-23,38.92,39.31,38.77,39.30,191300,38.80
2012-11-21,38.81,38.85,38.59,38.80,420000,38.31
2012-11-20,38.56,38.75,38.11,38.73,821700,38.24
2012-11-19,38.95,38.99,38.59,38.93,648100,38.44
2012-11-16,38.31,38.52,38.03,38.45,576600,37.97
2012-11-15,38.09,38.39,37.94,38.32,602400,37.84
2012-11-14,38.33,38.45,37.77,37.97,595000,37.49
2012-11-13,38.46,38.72,38.11,38.14,543800,37.66
2012-11-12,38.80,38.84,38.39,38.46,465600,37.98
2012-11-09,38.12,38.98,38.06,38.68,1122900,38.19
2012-11-08,38.23,38.90,37.93,38.00,733900,37.52
2012-11-07,39.39,39.51,38.24,38.63,719500,38.14
2012-11-06,39.00,39.78,38.85,39.66,1011200,39.16
2012-11-05,37.84,38.87,37.82,38.84,797100,38.35
2012-11-02,38.50,38.52,37.96,38.03,878300,37.55
2012-11-01,37.09,38.38,36.59,38.35,1023000,37.87
2012-10-31,37.17,38.00,36.72,36.84,891200,36.38
2012-10-26,37.32,37.70,36.89,37.16,817800,36.69
2012-10-25,37.47,37.89,36.76,37.33,1713400,36.86
2012-10-24,36.42,37.00,36.16,36.71,1352000,36.25
2012-10-23,35.96,36.40,35.83,36.17,975000,35.71
2012-10-22,36.27,36.79,35.96,36.42,1459000,35.96
2012-10-19,37.57,37.57,36.57,36.91,1387800,36.44
2012-10-18,37.08,37.76,36.71,37.75,2092200,37.27
2012-10-17,37.52,38.18,37.34,38.13,914300,37.65
2012-10-16,37.50,37.77,37.43,37.60,585900,37.13
2012-10-15,37.13,37.51,36.85,37.46,625600,36.99
2012-10-12,37.26,37.71,36.98,37.01,651800,36.54
2012-10-11,36.90,37.33,36.85,37.22,886100,36.75
2012-10-10,36.82,37.07,36.58,36.65,572600,36.19
2012-10-09,37.90,38.09,36.78,36.83,836600,36.37
2012-10-08,38.02,38.11,37.86,38.08,458400,37.60
2012-10-05,38.55,38.67,37.95,38.05,829500,37.57
2012-10-04,38.02,38.32,37.67,38.31,830600,37.83
2012-10-03,38.17,38.40,37.94,38.23,484700,37.75
2012-10-02,38.19,38.36,37.88,38.06,560700,37.58
2012-10-01,38.16,38.69,37.88,38.07,1142500,37.59
2012-09-28,38.08,38.23,37.63,38.14,1159700,37.66
2012-09-27,37.65,38.24,37.56,38.16,914700,37.68
2012-09-26,37.78,37.84,37.39,37.61,973300,37.14
2012-09-25,37.72,38.08,37.47,37.77,969600,37.24
2012-09-24,37.05,37.64,36.92,37.54,843000,37.01
2012-09-21,36.74,37.26,36.69,37.19,1355200,36.67
2012-09-20,36.93,37.09,36.69,36.75,742400,36.23
2012-09-19,37.32,37.35,36.97,37.06,584900,36.54
2012-09-18,37.38,37.38,37.17,37.31,620100,36.79
2012-09-17,37.62,37.77,37.22,37.37,673600,36.85
2012-09-14,37.63,37.78,37.41,37.66,753700,37.13
2012-09-13,37.49,37.83,37.10,37.58,940400,37.05
2012-09-12,37.61,37.83,37.41,37.46,793200,36.93
2012-09-11,37.20,37.65,37.07,37.57,1720200,37.04
2012-09-10,37.29,37.50,37.15,37.19,656000,36.67
2012-09-07,36.93,37.44,36.91,37.34,1170000,36.82
2012-09-06,36.40,37.03,36.37,36.86,1001400,36.34
2012-09-05,36.35,36.52,36.06,36.20,798200,35.69
2012-09-04,36.03,36.59,35.87,36.34,896800,35.83
2012-08-31,36.32,36.70,36.15,36.27,747200,35.76
2012-08-30,35.89,36.40,35.82,36.16,640700,35.65
2012-08-29,35.89,36.57,35.64,36.47,629200,35.96
2012-08-28,36.51,36.62,36.27,36.37,597000,35.86
2012-08-27,36.87,36.92,36.43,36.59,616400,36.08
2012-08-24,36.88,37.05,36.65,36.70,658600,36.18
2012-08-23,37.38,37.38,36.60,36.85,979600,36.33
2012-08-22,37.97,37.98,37.22,37.44,1068300,36.91
2012-08-21,38.14,38.30,37.69,37.86,1516200,37.33
2012-08-20,38.82,39.00,38.55,38.66,591000,38.12
2012-08-17,39.18,39.18,38.80,38.88,907900,38.33
2012-08-16,38.94,39.27,38.66,39.07,553900,38.52
2012-08-15,38.56,39.14,38.36,39.05,525000,38.50
2012-08-14,38.79,38.79,38.36,38.47,462700,37.93
2012-08-13,38.48,38.58,38.14,38.51,462700,37.97
2012-08-10,38.56,38.67,38.39,38.63,492700,38.09
2012-08-09,38.29,38.74,38.29,38.57,809000,38.03
2012-08-08,38.29,38.68,38.23,38.54,875500,38.00
2012-08-07,37.74,38.36,37.37,38.23,846100,37.69
2012-08-06,37.14,37.59,36.84,37.55,839100,37.02
2012-08-03,36.23,37.04,36.06,36.95,1450800,36.43
2012-08-02,35.62,35.64,35.04,35.56,2118900,35.06
2012-08-01,36.20,36.44,35.80,36.13,1290900,35.62
2012-07-31,37.24,37.54,36.11,36.34,1974600,35.83
2012-07-30,37.24,37.62,36.80,37.25,1647700,36.73
2012-07-27,36.25,37.34,36.22,37.22,2036600,36.70
2012-07-26,36.33,36.45,35.89,35.97,1562600,35.47
2012-07-25,35.69,36.02,35.48,35.83,640000,35.33
2012-07-24,36.04,36.11,35.35,35.56,912200,35.06
2012-07-23,36.25,36.27,35.62,36.11,581800,35.60
2012-07-20,37.13,37.35,36.76,36.79,1085800,36.27
2012-07-19,36.69,37.42,36.56,37.30,754100,36.78
2012-07-18,36.22,37.08,36.17,36.68,571400,36.17
2012-07-17,36.00,36.54,35.71,36.44,570300,35.93
2012-07-16,36.19,36.35,35.71,35.92,981100,35.42
2012-07-13,36.05,36.61,36.03,36.39,801100,35.88
2012-07-12,36.37,36.37,35.65,36.10,1002300,35.59
2012-07-11,36.31,36.67,36.29,36.58,803300,36.07
2012-07-10,36.85,37.00,36.22,36.37,807900,35.86
2012-07-09,37.00,37.09,36.46,36.70,965400,36.18
2012-07-06,37.36,37.51,36.92,36.95,764900,36.43
2012-07-05,37.75,37.85,37.41,37.56,1113300,37.03
2012-07-03,37.78,37.94,37.38,37.72,560900,37.19
2012-07-02,37.99,38.12,37.72,37.91,792100,37.38
2012-06-29,37.37,37.88,37.28,37.81,789800,37.28
2012-06-28,36.67,36.89,36.30,36.74,612200,36.22
2012-06-27,36.78,37.40,36.62,37.01,449600,36.49
2012-06-26,36.75,36.92,36.42,36.63,1036000,36.06
2012-06-25,37.07,37.13,36.65,36.69,699000,36.12
2012-06-22,37.48,37.61,37.15,37.48,922000,36.90
2012-06-21,38.48,38.49,37.27,37.29,1132300,36.71
2012-06-20,38.41,38.49,37.97,38.36,1119500,37.76
2012-06-19,38.30,38.64,38.15,38.36,763500,37.76
2012-06-18,37.59,38.13,37.54,38.00,832700,37.41
2012-06-15,37.23,37.87,37.22,37.77,1386500,37.18
2012-06-14,37.25,37.82,37.19,37.47,845200,36.89
2012-06-13,37.25,37.72,37.01,37.13,663200,36.55
2012-06-12,36.92,37.36,36.71,37.32,629000,36.74
2012-06-11,37.45,37.47,36.81,36.86,559800,36.29
2012-06-08,36.74,37.24,36.68,37.21,697500,36.63
2012-06-07,37.50,37.50,36.77,36.84,1197800,36.27
2012-06-06,36.75,37.23,36.72,37.10,768500,36.52
2012-06-05,35.98,36.71,35.88,36.54,859700,35.97
2012-06-04,36.23,36.36,35.96,36.20,1344400,35.64
2012-06-01,36.49,36.60,35.99,36.26,1340900,35.70
2012-05-31,37.32,37.42,36.84,37.00,2392300,36.43
2012-05-30,38.27,38.27,37.33,37.37,1247900,36.79
2012-05-29,39.00,39.04,38.40,38.49,925400,37.89
2012-05-25,38.23,38.59,38.10,38.55,613500,37.95
2012-05-24,38.11,38.54,37.74,38.11,606600,37.52
2012-05-23,37.80,38.11,37.28,38.02,1046700,37.43
2012-05-22,38.36,38.67,37.80,38.01,1024200,37.42
2012-05-21,37.46,38.26,37.37,38.23,688000,37.64
2012-05-18,38.10,38.10,36.94,37.29,1173600,36.71
2012-05-17,38.72,38.79,37.87,37.89,1037000,37.30
2012-05-16,39.08,39.11,38.62,38.67,618000,38.07
2012-05-15,39.11,39.24,38.81,38.98,627200,38.38
2012-05-14,38.90,39.27,38.68,39.08,872700,38.47
2012-05-11,39.17,39.62,39.02,39.26,689600,38.65
2012-05-10,39.24,39.46,39.06,39.32,756000,38.71
2012-05-09,39.16,39.21,38.21,38.90,1529600,38.30
2012-05-08,38.89,39.56,38.81,39.51,1465600,38.90
2012-05-07,39.02,39.35,38.87,39.11,862700,38.50
2012-05-04,40.10,40.11,39.01,39.18,1690600,38.57
2012-05-03,40.26,40.36,40.00,40.10,1030800,39.48
2012-05-02,40.22,40.32,39.99,40.27,1467600,39.65
2012-05-01,40.00,40.71,39.59,40.54,1696800,39.91
2012-04-30,41.20,41.38,40.73,41.06,988100,40.42
2012-04-27,41.04,41.37,40.77,41.33,685000,40.69
2012-04-26,40.69,40.94,40.47,40.89,570800,40.26
2012-04-25,40.35,41.00,40.22,40.80,1292900,40.17
2012-04-24,39.53,40.15,39.38,39.98,660500,39.36
2012-04-23,39.48,39.52,39.01,39.27,629300,38.66
2012-04-20,39.96,40.22,39.66,39.73,710700,39.11
2012-04-19,40.01,40.20,39.50,39.73,684900,39.11
2012-04-18,40.09,40.39,40.09,40.31,399500,39.68
2012-04-17,39.96,40.57,39.85,40.41,781700,39.78
2012-04-16,39.64,39.71,39.32,39.61,633400,39.00
2012-04-13,39.59,39.81,39.43,39.44,921000,38.83
2012-04-12,38.95,39.78,38.81,39.74,604600,39.12
2012-04-11,38.84,38.99,38.64,38.88,577300,38.28
2012-04-10,39.02,39.16,38.40,38.50,1057000,37.90
2012-04-09,39.12,39.31,38.94,39.20,515300,38.59
2012-04-05,39.41,39.76,39.41,39.72,319900,39.10
2012-04-04,39.98,39.98,39.33,39.58,771000,38.97
2012-04-03,40.23,40.42,39.95,40.24,813500,39.62
2012-04-02,40.00,40.54,39.88,40.44,621500,39.81
2012-03-30,40.09,40.32,39.96,40.13,463000,39.51
2012-03-29,39.88,40.09,39.66,40.01,1080300,39.39
2012-03-28,40.18,40.18,39.64,40.01,503200,39.39
2012-03-27,40.09,40.18,39.73,40.09,950400,39.41
2012-03-26,39.50,40.10,39.44,40.10,953000,39.42
2012-03-23,38.98,39.31,38.91,39.22,334100,38.56
2012-03-22,39.06,39.16,38.70,39.10,715600,38.44
2012-03-21,39.03,39.48,39.00,39.27,411400,38.61
2012-03-20,39.38,39.38,39.09,39.15,430400,38.49
2012-03-19,39.51,39.96,39.42,39.49,833500,38.82
2012-03-16,39.70,39.93,39.65,39.73,1039400,39.06
2012-03-15,39.77,39.80,39.41,39.75,665800,39.08
2012-03-14,39.36,40.00,39.23,39.69,1016700,39.02
2012-03-13,38.61,39.31,38.49,39.31,743900,38.65
2012-03-12,38.67,38.78,38.31,38.41,649200,37.76
2012-03-09,38.51,38.99,38.43,38.61,639200,37.96
2012-03-08,38.20,38.65,38.15,38.42,604600,37.77
2012-03-07,38.13,38.30,38.02,38.14,546000,37.50
2012-03-06,38.42,38.68,37.99,38.07,737400,37.43
2012-03-05,39.10,39.49,38.57,38.87,904800,38.21
2012-03-02,38.91,39.33,38.90,39.21,951600,38.55
2012-03-01,38.77,39.19,38.68,38.98,1055200,38.32
2012-02-29,39.00,39.06,38.56,38.71,967800,38.06
2012-02-28,38.85,39.19,38.70,38.94,550800,38.28
2012-02-27,38.13,39.03,37.94,38.91,990000,38.25
2012-02-24,38.29,38.47,38.20,38.40,1091200,37.75
2012-02-23,38.30,38.44,38.07,38.15,888000,37.51
2012-02-22,38.70,38.74,38.15,38.24,952000,37.59
2012-02-21,39.21,39.21,38.57,38.74,914300,38.09
2012-02-17,39.38,39.43,38.85,39.05,1667500,38.39
2012-02-16,36.79,39.59,36.75,39.43,2086000,38.76
2012-02-15,38.78,39.19,38.57,38.72,1218700,38.07
2012-02-14,38.25,38.85,38.13,38.61,1264700,37.96
2012-02-13,37.94,38.49,37.91,38.31,818000,37.66
2012-02-10,37.34,37.75,37.12,37.68,753600,37.04
2012-02-09,37.94,37.95,37.29,37.68,914400,37.04
2012-02-08,37.67,37.89,37.54,37.85,529200,37.21
2012-02-07,38.07,38.19,37.63,37.72,934300,37.08
2012-02-06,38.03,38.19,37.90,38.17,805000,37.53
2012-02-03,38.35,38.40,38.09,38.24,956500,37.59
2012-02-02,38.16,38.31,37.93,37.95,570600,37.31
2012-02-01,38.03,38.36,37.96,38.17,901300,37.53
2012-01-31,37.92,38.35,37.54,37.74,646400,37.10
2012-01-30,37.74,37.85,37.52,37.84,696200,37.20
2012-01-27,38.12,38.38,37.73,38.07,757500,37.43
2012-01-26,38.96,38.99,38.11,38.19,1112900,37.55
2012-01-25,38.08,39.06,37.88,38.89,1336100,38.23
2012-01-24,37.82,38.47,37.60,38.07,872000,37.43
2012-01-23,38.03,38.33,37.65,37.94,803400,37.30
2012-01-20,38.01,38.21,37.80,38.18,1012700,37.54
2012-01-19,37.08,38.50,36.78,37.99,1558000,37.35
2012-01-18,36.17,37.15,36.05,37.14,1102500,36.51
2012-01-17,36.47,36.78,36.08,36.10,695800,35.49
2012-01-13,36.26,36.38,35.69,36.09,524600,35.48
2012-01-12,35.97,36.44,35.59,36.39,701000,35.78
2012-01-11,35.40,35.96,35.40,35.85,964600,35.25
2012-01-10,35.26,35.68,35.03,35.52,1102300,34.92
2012-01-09,35.18,35.29,34.77,35.02,546700,34.43
2012-01-06,35.33,35.46,35.03,35.19,720800,34.60
2012-01-05,35.28,35.52,35.04,35.40,981600,34.80
2012-01-04,35.36,35.41,35.05,35.37,561400,34.77
2012-01-03,35.66,36.17,35.37,35.38,955000,34.78
2011-12-30,35.45,35.45,34.96,34.99,568800,34.40
2011-12-29,34.95,35.34,34.82,35.30,514400,34.70
2011-12-28,35.52,35.52,34.81,34.85,499200,34.26
2011-12-27,35.50,35.76,35.47,35.53,719200,34.88
2011-12-23,35.82,36.00,35.41,35.63,548400,34.97
2011-12-22,35.44,35.94,35.40,35.55,1185300,34.90
2011-12-21,35.49,35.64,34.95,35.35,1298200,34.70
2011-12-20,34.91,35.70,34.90,35.41,1383200,34.76
2011-12-19,34.89,35.17,34.42,34.48,1135800,33.85
2011-12-16,35.06,35.29,34.61,34.66,1718600,34.02
2011-12-15,35.24,35.30,34.65,34.79,1189300,34.15
2011-12-14,34.90,35.30,34.74,34.85,1406500,34.21
2011-12-13,35.96,36.13,35.02,35.18,938800,34.53
2011-12-12,35.82,35.94,35.38,35.69,731300,35.03
2011-12-09,35.47,36.41,35.44,36.13,881700,35.47
2011-12-08,35.82,35.84,35.22,35.31,1158900,34.66
2011-12-07,36.01,36.30,35.24,36.08,1288900,35.42
2011-12-06,35.91,36.22,35.58,36.05,898100,35.39
2011-12-05,36.01,36.30,35.65,35.92,1312200,35.26
2011-12-02,36.33,36.42,35.18,35.37,1077400,34.72
2011-12-01,35.95,36.57,35.85,36.13,1303300,35.47
2011-11-30,34.75,36.11,34.75,36.11,1779200,35.45
2011-11-29,33.87,34.24,33.52,33.79,899100,33.17
2011-11-28,33.66,34.27,33.54,33.82,829000,33.20
2011-11-25,32.63,33.32,32.55,32.80,443600,32.20
2011-11-23,32.99,33.23,32.77,32.86,1152800,32.26
2011-11-22,34.05,34.07,33.22,33.29,1460300,32.68
2011-11-21,33.12,34.04,32.96,33.93,1677300,33.31
2011-11-18,34.43,34.57,33.59,33.59,1901800,32.97
2011-11-17,35.13,35.25,34.04,34.38,1602300,33.75
2011-11-16,35.66,36.10,35.22,35.29,1006600,34.64
2011-11-15,35.98,36.31,35.48,36.09,1117600,35.43
2011-11-14,36.12,36.37,35.57,35.87,1150000,35.21
2011-11-11,35.93,36.70,35.93,36.22,917100,35.55
2011-11-10,35.61,35.91,35.32,35.48,1060400,34.83
2011-11-09,36.08,36.18,35.05,35.27,1996800,34.62
2011-11-08,36.04,37.20,36.04,37.12,2394600,36.44
2011-11-07,35.82,36.19,35.34,36.17,995700,35.50
2011-11-04,36.13,36.15,35.47,35.79,990900,35.13
2011-11-03,35.93,36.49,35.75,36.31,1286200,35.64
2011-11-02,35.94,36.37,35.57,35.84,1661800,35.18
2011-11-01,36.20,36.49,35.29,35.55,2565300,34.90
2011-10-31,37.69,37.87,36.94,36.96,1905900,36.28
2011-10-28,38.00,38.97,37.36,38.53,2204300,37.82
2011-10-27,40.00,40.37,37.00,38.82,4059000,38.11
2011-10-26,35.06,35.51,34.27,35.06,2528000,34.42
2011-10-25,34.58,35.22,34.19,34.70,1674300,34.06
2011-10-24,34.17,35.05,33.96,34.86,997500,34.22
2011-10-21,33.68,34.50,33.12,34.11,1942700,33.48
2011-10-20,33.16,33.87,32.93,33.51,1950900,32.89
2011-10-19,32.75,33.44,32.53,33.05,1192800,32.44
2011-10-18,32.10,32.96,31.57,32.76,1731900,32.16
2011-10-17,33.08,33.25,31.99,32.09,1333700,31.50
2011-10-14,33.10,33.30,32.78,33.17,807900,32.56
2011-10-13,33.12,33.19,32.38,32.77,1217800,32.17
2011-10-12,32.77,33.67,32.77,33.33,1633600,32.72
2011-10-11,32.40,32.72,32.18,32.48,1001000,31.88
2011-10-10,31.81,32.80,31.68,32.48,1080200,31.88
2011-10-07,31.77,31.91,31.29,31.40,1535300,30.82
2011-10-06,30.71,31.75,30.36,31.75,2112300,31.17
2011-10-05,30.11,30.77,29.97,30.69,1059600,30.13
2011-10-04,28.66,30.10,28.35,30.07,1523000,29.52
2011-10-03,30.38,30.60,28.89,29.09,2769800,28.55
2011-09-30,31.07,31.37,30.65,30.69,1123400,30.13
2011-09-29,31.85,32.25,30.81,31.45,1038500,30.87
2011-09-28,32.70,32.80,31.31,31.39,1141700,30.81
2011-09-27,32.06,32.86,31.88,32.43,1972800,31.83
2011-09-26,31.34,31.73,30.41,31.53,2037700,30.95
2011-09-23,30.58,31.53,30.48,31.24,1843800,30.67
2011-09-22,31.50,31.65,30.55,30.86,1729300,30.24
2011-09-21,33.57,33.70,32.23,32.25,853400,31.61
2011-09-20,33.97,34.26,33.57,33.62,935700,32.95
2011-09-19,34.14,34.14,33.42,33.73,974200,33.06
2011-09-16,34.32,34.76,34.15,34.52,1542600,33.83
2011-09-15,34.36,34.40,33.60,34.26,1712800,33.58
2011-09-14,33.34,34.38,32.92,33.98,1560700,33.30
2011-09-13,32.43,33.29,32.19,33.26,1556800,32.60
2011-09-12,31.88,32.42,31.55,32.38,1857000,31.73
2011-09-09,33.89,33.99,32.30,32.48,2003000,31.83
2011-09-08,34.89,35.06,34.22,34.27,755300,33.59
2011-09-07,33.88,35.11,33.75,35.10,1760100,34.40
2011-09-06,33.11,33.47,32.84,33.35,1558000,32.68
2011-09-02,34.29,34.47,33.86,33.97,1500800,33.29
2011-09-01,35.57,35.68,34.84,34.88,1394900,34.18
2011-08-31,34.96,35.50,34.86,35.20,1391700,34.50
2011-08-30,35.07,35.07,34.51,34.75,1534500,34.06
2011-08-29,34.57,35.19,34.50,35.15,1267100,34.45
2011-08-26,33.12,34.22,32.61,34.21,1394300,33.53
2011-08-25,33.87,33.93,32.85,33.38,2393000,32.71
2011-08-24,32.39,33.74,32.39,33.73,1666700,33.06
2011-08-23,31.48,33.01,31.37,32.99,1721800,32.33
2011-08-22,32.34,32.57,31.34,31.42,2104200,30.79
2011-08-19,31.39,32.46,31.22,31.73,2241100,31.10
2011-08-18,32.41,32.60,31.55,31.81,1667900,31.17
2011-08-17,33.45,33.97,32.94,33.20,2008900,32.54
2011-08-16,34.01,34.02,33.23,33.32,2633900,32.65
2011-08-15,33.91,34.20,33.49,34.16,1850900,33.48
2011-08-12,33.31,33.96,32.91,33.84,1366400,33.16
2011-08-11,31.82,33.57,31.76,33.13,2223700,32.47
2011-08-10,32.85,32.92,31.56,31.72,3450900,31.09
2011-08-09,32.39,33.59,31.64,33.55,2526000,32.88
2011-08-08,33.88,34.40,32.28,32.28,2700600,31.63
2011-08-05,34.97,35.13,33.69,34.51,1737900,33.82
2011-08-04,35.96,36.26,34.55,34.61,2557500,33.92
2011-08-03,36.66,36.74,35.86,36.48,3680900,35.75
2011-08-02,37.24,37.66,36.44,36.46,2736700,35.73
2011-08-01,38.11,38.26,36.75,37.38,1450700,36.63
2011-07-29,37.49,38.45,37.16,37.89,2065500,37.13
2011-07-28,37.43,38.00,37.24,37.71,1949900,36.96
2011-07-27,38.46,38.52,37.32,37.43,1965200,36.68
2011-07-26,39.45,39.45,38.66,38.79,1572300,38.01
2011-07-25,39.33,39.60,39.02,39.55,1303500,38.76
2011-07-22,39.64,39.67,39.22,39.54,565200,38.75
2011-07-21,39.38,39.94,39.16,39.56,1890700,38.77
2011-07-20,39.33,39.35,38.89,39.02,784100,38.24
2011-07-19,38.93,39.50,38.87,39.43,1101200,38.64
2011-07-18,39.09,39.35,38.34,38.66,871800,37.89
2011-07-15,39.26,39.47,38.99,39.26,986300,38.48
2011-07-14,39.46,39.65,38.99,39.15,1176000,38.37
2011-07-13,39.16,39.58,39.04,39.25,1021800,38.47
2011-07-12,38.90,39.25,38.87,39.01,2078900,38.23
2011-07-11,38.90,39.06,38.55,38.92,2047200,38.14
2011-07-08,38.82,39.23,38.47,39.23,2072300,38.45
2011-07-07,39.01,39.34,39.01,39.16,2790500,38.38
2011-07-06,38.54,39.02,38.40,38.85,2133400,38.07
2011-07-05,38.53,38.62,38.23,38.56,3511100,37.79
2011-07-01,38.19,38.54,37.92,38.52,2797700,37.75
2011-06-30,37.71,38.20,37.66,38.08,1836100,37.32
2011-06-29,37.56,37.76,37.32,37.53,3141500,36.78
2011-06-28,37.20,37.55,37.16,37.47,1194800,36.72
2011-06-27,37.31,37.39,36.95,37.21,1344800,36.42
2011-06-24,37.66,37.90,37.26,37.39,2762900,36.59
2011-06-23,37.94,38.03,37.15,37.80,2449400,36.99
2011-06-22,39.51,39.70,38.26,38.32,2809700,37.50
2011-06-21,36.70,37.68,36.70,37.61,1018000,36.81
2011-06-20,36.27,36.63,36.23,36.52,363200,35.74
2011-06-17,36.62,36.62,36.13,36.29,939900,35.52
2011-06-16,36.22,36.57,35.90,36.15,757900,35.38
2011-06-15,36.59,36.75,36.04,36.11,1049900,35.34
2011-06-14,37.02,37.10,36.73,36.91,405600,36.12
2011-06-13,36.78,36.98,36.42,36.61,881100,35.83
2011-06-10,37.15,37.37,36.74,36.74,911700,35.96
2011-06-09,37.09,37.55,36.95,37.38,632300,36.58
2011-06-08,37.06,37.14,36.88,37.02,496500,36.23
2011-06-07,37.20,37.51,37.04,37.06,609900,36.27
2011-06-06,37.44,37.67,37.10,37.17,575800,36.38
2011-06-03,38.00,38.12,37.57,37.60,712900,36.80
2011-06-02,38.36,38.48,38.00,38.37,717600,37.55
2011-06-01,39.32,39.32,38.41,38.41,825300,37.59
2011-05-31,39.50,39.56,39.07,39.24,1185300,38.40
2011-05-27,39.00,39.30,38.95,39.14,425700,38.31
2011-05-26,38.38,39.12,38.22,39.05,788400,38.22
2011-05-25,38.47,38.72,38.22,38.57,399200,37.75
2011-05-24,38.65,38.72,38.41,38.51,492800,37.69
2011-05-23,38.98,39.10,38.43,38.68,678000,37.86
2011-05-20,40.00,40.16,39.23,39.28,1572700,38.44
2011-05-19,39.79,40.15,39.52,40.09,1050500,39.24
2011-05-18,39.19,39.68,39.11,39.63,618100,38.79
2011-05-17,39.00,39.24,38.80,39.19,812400,38.36
2011-05-16,38.45,39.28,38.45,39.16,1130500,38.33
2011-05-13,39.00,39.15,38.40,38.68,1141900,37.86
2011-05-12,38.38,39.00,38.17,38.95,622000,38.12
2011-05-11,38.71,38.83,38.18,38.61,641600,37.79
2011-05-10,38.75,38.88,38.38,38.76,412400,37.93
2011-05-09,38.33,38.70,38.07,38.61,498600,37.79
2011-05-06,38.29,38.68,38.05,38.32,859900,37.50
2011-05-05,37.53,38.21,37.40,38.05,1200000,37.24
2011-05-04,37.67,37.90,37.36,37.62,903800,36.82
2011-05-03,38.02,38.03,37.55,37.76,703200,36.96
2011-05-02,37.82,38.17,37.67,38.01,932500,37.20
2011-04-29,38.23,38.23,37.53,37.55,1456100,36.75
2011-04-28,36.94,38.74,36.45,38.30,1592300,37.48
2011-04-27,36.51,36.90,36.39,36.76,830200,35.98
2011-04-26,36.21,36.74,36.20,36.40,612200,35.62
2011-04-25,36.21,36.24,35.86,36.18,686600,35.41
2011-04-21,36.03,36.41,36.02,36.04,692300,35.27
2011-04-20,35.51,35.92,35.51,35.89,811300,35.13
2011-04-19,35.01,35.19,34.76,35.10,856000,34.35
2011-04-18,35.84,35.93,34.84,35.00,1322700,34.25
2011-04-15,36.08,36.47,35.92,36.13,852400,35.36
2011-04-14,35.86,36.05,35.53,35.94,764900,35.17
2011-04-13,36.22,36.50,35.76,35.95,814100,35.18
2011-04-12,36.49,36.52,36.00,36.12,782900,35.35
2011-04-11,36.61,36.89,36.49,36.60,524600,35.82
2011-04-08,36.81,37.03,36.33,36.49,600600,35.71
2011-04-07,36.90,37.35,36.69,36.77,677000,35.99
2011-04-06,37.13,37.20,36.70,36.98,584500,36.19
2011-04-05,36.91,37.11,36.77,36.85,639700,36.07
2011-04-04,37.20,37.28,36.93,37.07,869700,36.28
2011-04-01,37.00,37.36,36.90,36.99,1035600,36.20
2011-03-31,36.61,37.15,36.56,36.99,892300,36.20
2011-03-30,36.41,36.53,36.14,36.48,687800,35.70
2011-03-29,35.78,36.18,35.62,36.18,465200,35.41
2011-03-28,36.28,36.29,35.73,35.77,871900,34.96
2011-03-25,36.09,36.50,35.94,36.14,570200,35.32
2011-03-24,35.84,36.20,35.42,36.13,681100,35.31
2011-03-23,35.56,35.71,35.03,35.58,1205100,34.77
2011-03-22,35.62,35.78,34.83,35.61,1337500,34.80
2011-03-21,35.57,36.07,35.48,35.73,748800,34.92
2011-03-18,34.89,35.43,34.89,35.21,1290700,34.41
2011-03-17,35.43,35.58,34.92,34.99,795700,34.20
2011-03-16,35.50,35.50,34.86,34.96,1638500,34.17
2011-03-15,34.24,35.98,34.00,35.63,2552600,34.82
2011-03-14,37.23,37.33,37.01,37.18,1015400,36.34
2011-03-11,36.68,37.48,36.65,37.40,1028100,36.55
2011-03-10,36.90,37.05,36.53,36.88,1157700,36.04
2011-03-09,37.75,37.91,37.37,37.39,947100,36.54
2011-03-08,37.92,38.00,37.70,37.89,1189400,37.03
2011-03-07,37.80,38.49,37.37,37.94,2175200,37.08
2011-03-04,37.46,37.72,37.08,37.71,928600,36.86
2011-03-03,36.94,37.47,36.88,37.47,622600,36.62
2011-03-02,36.68,36.88,36.38,36.66,635400,35.83
2011-03-01,37.37,37.40,36.72,36.76,942400,35.93
2011-02-28,36.93,37.43,36.85,37.37,986000,36.52
2011-02-25,36.21,36.86,36.13,36.74,505900,35.91
2011-02-24,36.18,36.18,35.46,36.07,864000,35.25
2011-02-23,36.25,36.27,35.86,36.12,962100,35.30
2011-02-22,36.66,36.73,35.98,36.28,929800,35.46
2011-02-18,36.06,37.00,35.96,36.99,1087300,36.15
2011-02-17,36.42,36.60,36.25,36.51,455400,35.68
2011-02-16,36.64,36.78,36.30,36.58,431900,35.75
2011-02-15,36.20,36.60,36.11,36.57,643800,35.74
2011-02-14,36.56,36.72,36.32,36.42,704500,35.59
2011-02-11,36.13,36.65,35.96,36.62,576200,35.79
2011-02-10,35.69,36.43,35.57,36.36,908400,35.54
2011-02-09,36.45,36.84,35.99,36.16,1179500,35.34
2011-02-08,36.67,36.84,36.43,36.84,790100,36.00
2011-02-07,36.38,36.68,36.34,36.65,872900,35.82
2011-02-04,36.40,36.67,36.24,36.40,620000,35.57
2011-02-03,35.81,36.39,35.72,36.29,604900,35.47
2011-02-02,36.15,36.29,35.91,35.98,715400,35.16
2011-02-01,35.57,36.58,35.57,36.36,864100,35.54
2011-01-31,35.66,35.87,34.26,35.48,2513800,34.68
2011-01-28,36.54,36.95,35.37,35.75,1283400,34.94
2011-01-27,35.96,36.61,35.91,36.55,835300,35.72
2011-01-26,35.91,36.09,35.77,35.96,539100,35.14
2011-01-25,35.70,35.94,35.57,35.94,990500,35.13
2011-01-24,35.85,36.09,35.85,35.90,670900,35.09
2011-01-21,36.10,36.20,35.77,35.84,897700,35.03
2011-01-20,35.98,36.26,35.84,35.95,680500,35.14
2011-01-19,36.48,36.60,35.92,35.98,697000,35.16
2011-01-18,36.40,36.71,36.28,36.71,521200,35.88
2011-01-14,36.21,36.33,36.13,36.29,356600,35.47
2011-01-13,36.25,36.38,36.15,36.30,472500,35.48
2011-01-12,36.71,36.76,36.04,36.28,975900,35.46
2011-01-11,35.17,35.71,35.07,35.32,754600,34.52
2011-01-10,34.89,35.13,34.49,35.06,653500,34.27
2011-01-07,34.95,34.97,34.38,34.70,447700,33.91
2011-01-06,34.93,35.12,34.69,34.84,500700,34.05
2011-01-05,34.64,35.13,34.53,35.04,578400,34.25
2011-01-04,35.07,35.20,34.65,34.71,690800,33.92
2011-01-03,34.46,35.25,34.43,35.10,1132900,34.30
2010-12-31,34.33,34.42,34.10,34.17,424000,33.40
2010-12-30,34.47,34.64,34.30,34.30,413000,33.52
2010-12-29,34.61,34.65,34.39,34.54,419600,33.76
2010-12-28,34.46,34.66,34.22,34.51,460000,33.73
2010-12-27,34.39,34.64,34.18,34.54,545500,33.76
2010-12-23,34.67,34.87,34.51,34.59,312800,33.76
2010-12-22,34.60,34.89,34.60,34.79,375000,33.95
2010-12-21,34.53,34.74,34.37,34.63,561600,33.80
2010-12-20,34.65,34.65,34.09,34.34,457500,33.51
2010-12-17,34.22,34.50,33.93,34.44,1096000,33.61
2010-12-16,33.67,34.27,33.50,34.22,598500,33.40
2010-12-15,33.80,33.95,33.68,33.72,1128700,32.91
2010-12-14,33.29,33.85,33.27,33.75,758300,32.94
2010-12-13,33.17,33.22,33.01,33.16,1026700,32.36
2010-12-10,32.84,33.15,32.74,33.12,748100,32.32
2010-12-09,32.75,32.89,32.52,32.70,533300,31.91
2010-12-08,32.36,32.70,32.31,32.60,918000,31.82
2010-12-07,32.64,32.82,32.38,32.39,1090700,31.61
2010-12-06,32.43,32.55,32.21,32.32,882800,31.54
2010-12-03,32.14,32.46,32.04,32.45,498800,31.67
2010-12-02,31.72,32.24,31.72,32.19,662500,31.41
2010-12-01,31.25,31.88,31.24,31.77,989500,31.00
2010-11-30,30.76,30.94,30.52,30.92,1645000,30.18
2010-11-29,30.96,31.34,30.63,31.19,949900,30.44
2010-11-26,31.15,31.37,30.99,31.21,207400,30.46
2010-11-24,31.14,31.41,31.01,31.40,1002900,30.64
2010-11-23,30.86,31.01,30.71,30.86,1187500,30.12
2010-11-22,30.84,31.28,30.61,31.22,1299000,30.47
2010-11-19,31.04,31.12,30.83,31.04,1112500,30.29
2010-11-18,31.26,31.46,31.05,31.07,758800,30.32
2010-11-17,30.84,31.19,30.84,31.02,854300,30.27
2010-11-16,31.13,31.32,30.72,30.87,1008300,30.13
2010-11-15,31.17,31.54,31.08,31.30,679400,30.55
2010-11-12,31.50,31.78,31.04,31.12,716500,30.37
2010-11-11,31.40,31.81,31.08,31.79,619800,31.02
2010-11-10,31.68,31.82,31.25,31.69,1548700,30.93
2010-11-09,31.21,31.68,31.20,31.64,1121900,30.88
2010-11-08,31.48,31.63,30.96,31.27,1834600,30.52
2010-11-05,31.74,32.07,31.65,31.72,1270600,30.96
2010-11-04,31.98,32.31,31.57,31.72,1350700,30.96
2010-11-03,31.57,31.79,31.35,31.64,768700,30.88
2010-11-02,31.61,31.67,31.31,31.56,679200,30.80
2010-11-01,31.35,31.80,31.09,31.31,1211900,30.56
2010-10-29,31.23,31.41,30.79,31.39,1228500,30.63
2010-10-28,32.93,32.95,31.23,31.34,3344700,30.59
2010-10-27,33.00,33.17,32.51,33.16,1064300,32.36
2010-10-26,32.88,33.33,32.76,33.17,1023700,32.37
2010-10-25,32.85,33.10,32.74,32.96,995500,32.17
2010-10-22,32.59,32.74,32.25,32.63,796400,31.84
2010-10-21,32.13,32.62,31.99,32.49,1235600,31.71
2010-10-20,31.82,32.28,31.75,32.07,843200,31.30
2010-10-19,31.87,31.88,31.25,31.63,1339400,30.87
2010-10-18,31.80,32.19,31.79,32.19,627600,31.41
2010-10-15,32.20,32.35,31.68,31.89,1112100,31.12
2010-10-14,31.78,32.22,31.67,31.90,750400,31.13
2010-10-13,31.86,32.19,31.76,31.89,756500,31.12
2010-10-12,31.84,31.85,31.36,31.79,1062800,31.02
2010-10-11,31.96,32.11,31.78,31.86,637000,31.09
2010-10-08,32.02,32.10,31.77,32.00,720000,31.23
2010-10-07,32.35,32.35,31.88,32.08,565000,31.31
2010-10-06,32.30,32.48,32.04,32.19,607300,31.41
2010-10-05,31.50,32.18,31.43,32.11,1389400,31.34
2010-10-04,31.95,32.05,31.08,31.12,929500,30.37
2010-10-01,32.25,32.37,31.65,31.96,955900,31.19
2010-09-30,32.03,32.44,31.54,31.97,802700,31.20
2010-09-29,31.67,32.00,31.54,31.87,878200,31.10
2010-09-28,31.47,31.83,31.12,31.77,762300,31.00
2010-09-27,31.46,31.59,31.23,31.36,669800,30.60
2010-09-24,31.06,31.62,30.86,31.60,823300,30.79
2010-09-23,30.45,30.99,30.39,30.68,1026600,29.89
2010-09-22,30.77,31.08,30.39,30.69,863400,29.90
2010-09-21,30.92,30.99,30.57,30.70,669400,29.91
2010-09-20,30.78,31.00,30.54,30.92,766200,30.13
2010-09-17,30.55,30.75,30.30,30.66,1966100,29.87
2010-09-16,30.60,30.60,30.22,30.42,727300,29.64
2010-09-15,30.00,30.61,29.93,30.58,819200,29.80
2010-09-14,29.94,30.30,29.78,30.18,683500,29.41
2010-09-13,30.00,30.33,29.95,30.08,701900,29.31
2010-09-10,29.78,29.98,29.49,29.87,635900,29.10
2010-09-09,29.49,29.70,29.34,29.65,582500,28.89
2010-09-08,29.26,29.40,29.08,29.22,590500,28.47
2010-09-07,29.64,29.64,29.16,29.20,720200,28.45
2010-09-03,29.68,29.86,29.55,29.84,1037300,29.08
2010-09-02,28.62,29.37,28.56,29.36,1095000,28.61
2010-09-01,28.08,28.78,28.06,28.56,1080200,27.83
2010-08-31,28.11,28.17,27.76,27.78,1803700,27.07
2010-08-30,28.72,28.79,28.12,28.13,783700,27.41
2010-08-27,28.50,28.97,28.17,28.86,1187100,28.12
2010-08-26,29.05,29.05,28.10,28.43,1491800,27.70
2010-08-25,28.50,29.04,28.34,28.90,1472500,28.16
2010-08-24,29.16,29.23,28.56,28.75,1222600,28.01
2010-08-23,29.60,29.89,29.37,29.40,1077700,28.65
2010-08-20,29.89,29.98,29.45,29.46,1888200,28.71
2010-08-19,30.69,30.72,29.98,30.13,843000,29.36
2010-08-18,30.72,31.16,30.50,30.79,629700,30.00
2010-08-17,30.53,31.08,30.34,30.85,605700,30.06
2010-08-16,30.12,30.41,29.99,30.23,550600,29.46
2010-08-13,30.46,30.53,30.23,30.24,681000,29.47
2010-08-12,30.57,30.84,30.49,30.61,908000,29.83
2010-08-11,31.03,31.23,30.59,30.89,1464900,30.10
2010-08-10,31.58,31.89,31.24,31.62,1218300,30.81
2010-08-09,31.68,31.80,31.39,31.77,650400,30.96
2010-08-06,31.33,31.59,30.86,31.56,1192400,30.75
2010-08-05,31.59,31.75,31.32,31.55,1566800,30.74
2010-08-04,31.13,31.75,30.98,31.64,1134900,30.83
2010-08-03,30.63,31.20,30.59,31.11,1132300,30.31
2010-08-02,30.43,30.93,30.42,30.86,1554100,30.07
2010-07-30,28.96,30.06,28.48,30.02,1986700,29.25
2010-07-29,29.36,29.68,28.35,29.04,3490800,28.30
2010-07-28,29.14,29.51,28.84,29.46,2285500,28.71
2010-07-27,29.89,30.03,29.32,29.38,1350000,28.63
2010-07-26,29.20,29.85,29.08,29.80,889100,29.04
2010-07-23,29.11,29.44,29.03,29.25,1028700,28.50
2010-07-22,28.59,29.36,28.59,29.13,1288000,28.38
2010-07-21,29.06,29.40,28.44,28.53,1034900,27.80
2010-07-20,28.44,29.36,28.30,29.30,1733900,28.55
2010-07-19,29.31,29.49,28.76,28.81,3060800,28.07
2010-07-16,30.40,30.40,29.24,29.25,1118400,28.50
2010-07-15,30.39,30.62,30.07,30.42,983500,29.64
2010-07-14,30.65,30.80,30.30,30.41,889400,29.63
2010-07-13,30.34,30.97,30.34,30.77,668000,29.98
2010-07-12,30.02,30.25,29.91,30.17,547300,29.40
2010-07-09,30.18,30.35,30.00,30.22,505400,29.45
2010-07-08,30.63,30.78,29.94,30.18,1195300,29.41
2010-07-07,29.82,30.51,29.50,30.48,1407300,29.70
2010-07-06,30.05,30.75,29.43,29.65,1469300,28.89
2010-07-02,29.48,29.55,29.14,29.39,879200,28.64
2010-07-01,29.87,29.87,28.86,29.43,2492100,28.68
2010-06-30,30.00,30.43,29.91,29.91,1116400,29.14
2010-06-29,30.83,30.89,29.96,30.08,2501600,29.31
2010-06-28,31.14,31.34,30.59,31.11,884400,30.31
2010-06-25,31.01,31.31,30.80,31.03,1432700,30.23
2010-06-24,30.85,31.27,30.72,30.98,1441000,30.19
2010-06-23,31.19,31.30,30.75,31.06,927700,30.26
2010-06-22,31.53,31.90,31.20,31.26,793000,30.41
2010-06-21,31.98,32.07,31.32,31.46,901300,30.60
2010-06-18,31.57,31.76,31.31,31.72,1220500,30.86
2010-06-17,31.57,31.61,31.36,31.57,882100,30.71
2010-06-16,31.18,31.64,30.98,31.50,790100,30.64
2010-06-15,31.55,31.55,31.12,31.43,1586500,30.58
2010-06-14,31.24,31.76,31.21,31.27,921400,30.42
2010-06-11,30.67,31.21,30.48,31.20,895300,30.35
2010-06-10,31.03,31.24,30.65,31.05,1324600,30.21
2010-06-09,30.74,31.13,30.48,30.59,1248900,29.76
2010-06-08,30.95,30.99,30.25,30.61,1762900,29.78
2010-06-07,31.54,31.69,30.96,31.00,1801600,30.16
2010-06-04,32.37,32.52,31.43,31.46,1587600,30.60
2010-06-03,32.99,33.20,32.75,33.00,963100,32.10
2010-06-02,32.28,33.00,31.82,33.00,1515900,32.10
2010-06-01,32.23,32.80,32.02,32.03,1682200,31.16
2010-05-28,32.51,32.78,32.20,32.43,1322600,31.55
2010-05-27,32.54,32.81,32.13,32.71,1363600,31.82
2010-05-26,32.16,32.72,31.83,31.95,2773100,31.08
2010-05-25,32.23,32.59,31.44,32.55,1858000,31.67
2010-05-24,33.03,33.21,32.67,32.72,889200,31.83
2010-05-21,32.46,33.20,32.26,33.06,1860300,32.16
2010-05-20,33.62,34.00,32.76,32.85,2689700,31.96
2010-05-19,34.39,34.81,33.90,34.35,2219200,33.42
2010-05-18,35.22,35.61,34.50,34.59,1792800,33.65
2010-05-17,35.19,35.37,34.48,35.00,1439600,34.05
2010-05-14,35.88,35.90,34.85,35.06,1691500,34.11
2010-05-13,36.31,36.51,35.99,36.01,1285700,35.03
2010-05-12,36.03,36.64,35.87,36.57,936800,35.58
2010-05-11,35.59,36.40,35.41,35.91,1611100,34.93
2010-05-10,34.62,35.75,34.62,35.71,1892000,34.74
2010-05-07,34.45,34.47,33.63,33.81,2454100,32.89
2010-05-06,35.46,35.85,33.07,34.70,2106000,33.76
2010-05-05,36.05,36.51,35.52,35.65,1545000,34.68
2010-05-04,36.42,36.57,35.77,35.94,1206700,34.96
2010-05-03,36.70,36.88,36.21,36.69,1252300,35.69
2010-04-30,37.90,38.15,36.64,36.65,1490500,35.65
2010-04-29,36.88,38.11,36.52,37.96,2410200,36.93
2010-04-28,36.58,37.57,36.53,36.77,1439300,35.77
2010-04-27,36.34,37.03,36.25,36.41,1642700,35.42
2010-04-26,35.98,36.63,35.81,36.33,1562800,35.34
2010-04-23,35.36,36.05,35.20,35.96,1903200,34.98
2010-04-22,35.09,35.56,34.84,35.49,1554800,34.53
2010-04-21,35.14,35.27,34.94,35.26,1245500,34.30
2010-04-20,34.88,35.31,34.72,35.28,722900,34.32
2010-04-19,34.80,34.93,34.54,34.74,746300,33.80
2010-04-16,35.41,35.55,34.81,34.95,1573900,34.00
2010-04-15,35.03,35.49,34.98,35.44,840300,34.48
2010-04-14,34.78,35.20,34.62,35.19,650600,34.23
2010-04-13,34.53,34.86,34.34,34.86,518800,33.91
2010-04-12,34.64,34.66,34.36,34.53,621900,33.59
2010-04-09,34.29,34.65,34.29,34.64,399000,33.70
2010-04-08,34.28,34.43,34.07,34.33,569600,33.40
2010-04-07,34.83,34.87,34.29,34.37,673000,33.44
2010-04-06,34.36,34.93,34.33,34.86,845500,33.91
2010-04-05,34.50,34.85,34.42,34.59,492800,33.65
2010-04-01,35.01,35.02,34.25,34.48,1211100,33.54
2010-03-31,34.65,35.01,34.61,34.88,1342500,33.93
2010-03-30,34.47,34.82,34.32,34.80,709600,33.85
2010-03-29,34.16,34.53,34.16,34.48,414700,33.54
2010-03-26,34.50,34.69,34.13,34.17,633100,33.24
2010-03-25,34.71,34.71,34.35,34.39,867400,33.46
2010-03-24,34.40,34.56,34.19,34.26,589500,33.33
2010-03-23,34.46,34.58,34.19,34.58,579400,33.59
2010-03-22,34.16,34.55,34.08,34.52,867700,33.53
2010-03-19,34.74,34.74,33.93,34.14,2984900,33.16
2010-03-18,34.98,34.98,34.39,34.45,1278100,33.47
2010-03-17,34.60,34.75,34.53,34.67,948600,33.68
2010-03-16,34.70,34.79,34.55,34.63,937700,33.64
2010-03-15,34.78,34.90,34.60,34.77,724000,33.78
2010-03-12,34.95,34.99,34.58,34.77,857400,33.78
2010-03-11,34.60,34.85,34.43,34.80,834000,33.81
2010-03-10,34.51,34.76,34.50,34.67,1148500,33.68
2010-03-09,34.25,34.67,34.05,34.60,1180300,33.61
2010-03-08,34.22,34.48,34.04,34.29,604100,33.31
2010-03-05,33.91,34.34,33.79,34.33,867600,33.35
2010-03-04,33.93,34.00,33.73,33.85,758900,32.88
2010-03-03,33.98,34.04,33.74,33.81,822600,32.84
2010-03-02,33.64,33.94,33.64,33.84,905200,32.87
2010-03-01,33.42,33.66,33.01,33.56,784000,32.60
2010-02-26,33.00,33.25,32.87,33.09,1415100,32.14
2010-02-25,32.55,33.01,32.53,32.94,1177200,32.00
2010-02-24,32.85,33.05,32.61,33.00,1314300,32.06
2010-02-23,32.70,32.92,32.41,32.83,1989200,31.89
2010-02-22,32.95,33.00,32.70,32.81,1299200,31.87
2010-02-19,33.17,33.29,32.86,32.94,1270400,32.00
2010-02-18,33.13,33.41,33.07,33.31,983400,32.36
2010-02-17,33.04,33.19,32.94,33.12,1399700,32.17
2010-02-16,32.87,33.04,32.44,33.01,1101100,32.07
2010-02-12,32.44,32.97,32.23,32.64,2325600,31.71
2010-02-11,32.38,33.23,32.38,33.01,2485300,32.07
2010-02-10,33.82,33.97,33.37,33.79,1304600,32.82
2010-02-09,33.45,34.03,33.17,33.94,1643600,32.97
2010-02-08,32.59,33.37,32.44,33.10,1924600,32.15
2010-02-05,32.86,32.94,32.10,32.69,2067300,31.76
2010-02-04,33.71,33.71,32.77,32.79,1113300,31.85
2010-02-03,34.27,34.28,33.72,33.87,1050900,32.90
2010-02-02,33.53,34.58,33.40,34.51,1969000,33.52
2010-02-01,33.68,33.76,33.38,33.58,1023900,32.62
2010-01-29,33.55,33.96,33.42,33.53,1174900,32.57
2010-01-28,34.16,34.18,33.29,33.44,1355900,32.48
2010-01-27,34.11,34.23,33.66,34.06,1186800,33.09
2010-01-26,34.32,34.47,34.13,34.23,1138500,33.25
2010-01-25,34.59,34.66,34.27,34.48,705900,33.49
2010-01-22,34.73,35.03,34.38,34.44,1527200,33.46
2010-01-21,36.07,36.15,34.75,34.83,1731300,33.83
2010-01-20,36.46,36.62,35.69,36.13,844200,35.10
2010-01-19,35.56,36.82,35.56,36.52,581400,35.48
2010-01-15,36.22,36.74,35.61,35.95,879900,34.92
2010-01-14,36.15,36.64,36.00,36.57,710000,35.52
2010-01-13,36.01,36.37,35.70,36.30,814900,35.26
2010-01-12,35.96,36.07,35.61,35.80,1002100,34.78
2010-01-11,35.57,36.14,35.27,36.06,787300,35.03
2010-01-08,35.56,35.77,35.45,35.60,803600,34.58
2010-01-07,35.08,35.64,34.88,35.60,1096100,34.58
2010-01-06,35.02,35.34,34.75,35.14,1595100,34.14
2010-01-05,35.24,35.36,34.73,34.91,763400,33.91
2010-01-04,35.53,35.65,35.27,35.33,1051400,34.32
2009-12-31,35.59,35.64,35.17,35.17,489300,34.16
2009-12-30,35.28,35.56,35.28,35.56,575300,34.54
2009-12-29,35.42,35.52,35.29,35.44,439900,34.43
2009-12-28,35.25,35.45,35.10,35.45,435600,34.44
2009-12-24,35.42,35.46,35.20,35.27,203400,34.26
2009-12-23,35.32,35.55,35.08,35.55,581900,34.49
2009-12-22,34.97,35.26,34.87,35.19,489900,34.14
2009-12-21,34.57,35.07,34.55,34.82,854100,33.78
2009-12-18,34.43,34.57,34.21,34.43,1749200,33.40
2009-12-17,34.99,35.00,34.40,34.57,831400,33.53
2009-12-16,35.37,35.81,35.19,35.26,899100,34.20
2009-12-15,34.93,35.67,34.80,35.33,836400,34.27
2009-12-14,34.38,35.10,34.38,35.05,793400,34.00
2009-12-11,34.48,34.68,34.15,34.64,1276200,33.60
2009-12-10,33.99,34.56,33.91,34.42,878700,33.39
2009-12-09,33.74,33.79,33.39,33.72,741300,32.71
2009-12-08,34.02,34.35,33.63,33.86,983500,32.85
2009-12-07,34.27,34.54,34.04,34.14,588400,33.12
2009-12-04,34.14,34.50,33.97,34.26,1150200,33.23
2009-12-03,33.92,34.64,33.91,33.95,887000,32.93
2009-12-02,33.81,34.21,33.62,34.16,747900,33.14
2009-12-01,33.46,33.85,33.44,33.65,1002300,32.64
2009-11-30,33.24,33.36,32.88,33.32,1145700,32.32
2009-11-27,33.08,33.57,33.02,33.30,416800,32.30
2009-11-25,33.62,33.91,33.51,33.56,622700,32.55
2009-11-24,33.25,33.72,33.05,33.65,1256800,32.64
2009-11-23,32.99,33.58,32.88,33.20,981300,32.21
2009-11-20,32.94,33.00,32.68,32.86,1113600,31.88
2009-11-19,33.48,33.66,33.02,33.15,1154300,32.16
2009-11-18,33.66,33.86,33.49,33.74,813400,32.73
2009-11-17,34.17,34.25,33.72,33.88,1052000,32.87
2009-11-16,33.91,34.46,33.90,34.33,789700,33.30
2009-11-13,33.76,34.03,33.60,33.89,920600,32.87
2009-11-12,33.95,34.03,33.50,33.55,1154200,32.55
2009-11-11,33.83,34.01,33.66,33.85,1160800,32.84
2009-11-10,33.96,34.09,33.54,33.68,1400400,32.67
2009-11-09,33.62,33.93,33.32,33.92,972200,32.90
2009-11-06,33.67,33.67,33.14,33.50,1044400,32.50
2009-11-05,33.15,33.98,33.14,33.71,964000,32.70
2009-11-04,32.71,33.37,32.30,32.95,1415900,31.96
2009-11-03,33.00,33.54,32.58,32.78,2659600,31.80
2009-11-02,32.79,33.07,32.77,33.01,2093000,32.02
2009-10-30,33.88,34.29,32.75,32.96,4193800,31.97
2009-10-29,34.20,34.88,33.76,34.00,2431100,32.98
2009-10-28,35.97,36.14,35.25,35.35,1112500,34.29
2009-10-27,36.13,36.80,35.80,35.91,1490600,34.83
2009-10-26,36.01,36.76,35.86,35.89,1333500,34.81
2009-10-23,36.30,36.67,35.87,35.99,1076600,34.91
2009-10-22,35.67,36.24,35.46,36.15,818400,35.07
2009-10-21,36.17,36.40,35.68,35.74,1057500,34.67
2009-10-20,36.31,36.56,35.83,35.96,727100,34.88
2009-10-19,35.93,36.62,35.66,36.57,1161100,35.47
2009-10-16,35.86,36.07,35.37,35.95,993300,34.87
2009-10-15,35.67,36.09,35.55,36.04,688300,34.96
2009-10-14,35.40,35.82,35.21,35.82,726800,34.75
2009-10-13,35.09,35.31,34.99,35.21,540100,34.16
2009-10-12,35.46,35.66,35.04,35.24,945500,34.18
2009-10-09,35.41,35.72,35.17,35.61,674900,34.54
2009-10-08,34.98,35.66,34.83,35.44,1768300,34.38
2009-10-07,34.59,34.89,34.46,34.87,596900,33.83
2009-10-06,33.95,35.00,33.70,34.64,1599100,33.60
2009-10-05,33.81,34.13,33.29,34.13,966400,33.11
2009-10-02,33.66,33.80,33.48,33.60,671100,32.59
2009-10-01,34.27,34.50,33.65,33.65,1771100,32.64
2009-09-30,34.38,34.68,33.56,34.54,1925000,33.51
2009-09-29,34.45,34.54,34.07,34.50,769200,33.47
2009-09-28,33.79,34.66,33.73,34.51,635000,33.48
2009-09-25,33.68,33.94,33.49,33.60,776000,32.59
2009-09-24,34.11,34.12,33.42,33.63,738100,32.62
2009-09-23,34.45,34.45,33.85,33.91,834900,32.89
2009-09-22,34.83,34.94,34.43,34.57,877800,33.49
2009-09-21,34.57,35.09,34.57,34.85,539300,33.76
2009-09-18,34.75,34.82,34.33,34.65,1179900,33.56
2009-09-17,34.82,34.96,34.48,34.58,961900,33.50
2009-09-16,34.51,34.82,34.15,34.80,697200,33.71
2009-09-15,34.23,34.61,33.74,34.58,1185600,33.50
2009-09-14,34.17,34.44,34.01,34.36,775100,33.28
2009-09-11,34.30,34.53,33.58,34.22,497700,33.15
2009-09-10,33.89,34.38,33.42,34.34,884700,33.26
2009-09-09,33.56,34.23,33.48,33.87,745900,32.81
2009-09-08,33.70,33.87,33.15,33.50,752500,32.45
2009-09-04,32.95,33.50,32.78,33.46,711800,32.41
2009-09-03,32.88,33.09,32.57,33.02,830300,31.98
2009-09-02,32.86,33.30,32.70,32.89,1015600,31.86
2009-09-01,33.71,34.22,32.98,33.01,995000,31.97
2009-08-31,33.72,34.00,33.32,33.72,885200,32.66
2009-08-28,34.26,34.54,33.58,33.78,1157500,32.72
2009-08-27,34.56,34.61,33.89,34.26,867400,33.19
2009-08-26,34.66,35.08,34.25,34.46,846300,33.38
2009-08-25,34.50,35.10,34.50,34.83,796900,33.74
2009-08-24,35.00,35.07,34.39,34.61,650000,33.52
2009-08-21,34.94,35.22,34.44,34.55,984900,33.47
2009-08-20,33.24,34.78,32.89,34.59,2092400,33.51
2009-08-19,32.50,33.31,32.27,33.24,794500,32.20
2009-08-18,32.55,32.65,32.12,32.63,531100,31.61
2009-08-17,32.55,32.77,32.41,32.55,768400,31.53
2009-08-14,32.40,32.90,32.13,32.68,1005300,31.66
2009-08-13,33.36,33.43,32.65,33.05,1227800,32.01
2009-08-12,32.31,33.36,32.09,33.07,1196400,32.03
2009-08-11,32.41,32.83,32.12,32.43,1195400,31.41
2009-08-10,32.64,32.93,32.41,32.65,776300,31.63
2009-08-07,33.69,33.69,32.80,32.83,743000,31.80
2009-08-06,32.80,32.96,32.26,32.35,764600,31.34
2009-08-05,33.08,33.90,32.86,32.99,1035500,31.96
2009-08-04,33.30,33.75,33.16,33.71,1614200,32.65
2009-08-03,33.46,33.70,32.79,33.56,1639100,32.51
2009-07-31,33.35,34.03,33.14,33.35,1458700,32.30
2009-07-30,32.88,36.08,32.49,33.73,5437600,32.67
2009-07-29,30.64,31.23,30.53,30.97,1001500,30.00
2009-07-28,30.56,31.04,30.51,30.80,656500,29.83
2009-07-27,30.61,30.85,30.26,30.59,781000,29.63
2009-07-24,30.09,30.59,29.81,30.56,784700,29.60
2009-07-23,29.34,30.18,29.19,30.16,1032500,29.21
2009-07-22,29.65,29.84,29.26,29.37,745200,28.45
2009-07-21,29.36,29.78,29.19,29.77,1173700,28.84
2009-07-20,29.05,29.28,28.74,29.23,800200,28.31
2009-07-17,29.63,29.63,29.00,29.08,883400,28.17
2009-07-16,28.97,29.57,28.78,29.50,889200,28.57
2009-07-15,28.30,29.08,28.17,28.90,1759000,27.99
2009-07-14,28.33,28.60,28.11,28.17,1862900,27.29
2009-07-13,28.15,28.79,27.83,28.45,1236000,27.56
2009-07-10,27.90,28.51,27.90,28.20,1117500,27.32
2009-07-09,28.70,28.76,27.79,28.02,1465900,27.14
2009-07-08,28.94,29.05,28.15,28.35,1485600,27.46
2009-07-07,29.38,29.56,28.67,28.75,1610700,27.85
2009-07-06,29.83,29.96,29.21,29.45,1209200,28.53
2009-07-02,30.41,30.65,29.70,29.84,1124700,28.90
2009-07-01,30.27,30.78,30.27,30.48,1098100,29.52
2009-06-30,30.89,30.96,30.32,30.57,1432500,29.61
2009-06-29,30.85,30.99,30.47,30.89,719600,29.92
2009-06-26,30.82,30.99,30.44,30.93,1032600,29.96
2009-06-25,29.53,30.91,29.45,30.87,1320200,29.90
2009-06-24,29.32,29.89,29.20,29.70,1027500,28.77
2009-06-23,29.26,29.69,29.08,29.26,760000,28.29
2009-06-22,29.68,29.72,29.26,29.27,932500,28.30
2009-06-19,30.03,30.49,29.75,30.02,1556500,29.03
2009-06-18,29.16,29.90,29.08,29.71,760200,28.73
2009-06-17,28.86,29.47,28.65,29.28,1031200,28.31
2009-06-16,29.05,29.08,28.54,28.58,900500,27.64
2009-06-15,29.53,29.53,28.71,28.90,1083400,27.95
2009-06-12,29.39,29.85,29.33,29.70,971500,28.72
2009-06-11,28.72,29.96,28.71,29.62,1453400,28.64
2009-06-10,29.30,29.34,28.50,28.72,1868200,27.77
2009-06-09,29.41,29.41,28.96,29.09,842600,28.13
2009-06-08,29.13,29.43,28.76,29.10,846600,28.14
2009-06-05,29.80,29.99,29.15,29.51,635500,28.54
2009-06-04,30.03,30.20,29.36,29.72,850800,28.74
2009-06-03,29.87,30.19,29.83,30.07,1093200,29.08
2009-06-02,29.65,30.32,29.63,30.13,1034400,29.14
2009-06-01,29.51,29.92,29.25,29.88,1139100,28.89
2009-05-29,29.28,29.28,28.66,29.26,1704900,28.29
2009-05-28,29.47,29.77,28.90,29.18,936200,28.22
2009-05-27,29.37,29.72,29.03,29.25,927400,28.28
2009-05-26,28.39,29.56,28.04,29.45,971000,28.48
2009-05-22,28.66,29.05,28.54,28.59,988800,27.65
2009-05-21,29.06,29.24,28.39,28.66,1990300,27.71
2009-05-20,29.88,30.39,29.43,29.93,1443500,28.94
2009-05-19,29.92,29.92,29.44,29.69,1067700,28.71
2009-05-18,29.44,30.03,29.02,30.03,1421900,29.04
2009-05-15,29.45,29.62,29.00,29.53,1478100,28.56
2009-05-14,29.65,29.88,29.33,29.65,1683200,28.67
2009-05-13,29.48,29.75,29.25,29.45,1753400,28.48
2009-05-12,29.73,29.90,29.24,29.70,1298300,28.72
2009-05-11,29.58,29.99,29.19,29.63,1324800,28.65
2009-05-08,29.09,30.03,28.79,29.75,1850300,28.77
2009-05-07,28.60,29.11,28.49,28.81,1942800,27.86
2009-05-06,28.44,28.57,27.98,28.51,1868100,27.57
2009-05-05,27.76,28.42,27.47,28.37,1883500,27.43
2009-05-04,26.88,28.10,26.54,28.08,3327200,27.15
2009-05-01,28.50,28.55,26.34,26.78,4546500,25.90
2009-04-30,28.25,29.23,28.02,28.62,2019600,27.68
2009-04-29,27.07,28.36,27.01,28.17,2293900,27.24
2009-04-28,27.26,27.56,26.85,27.06,1562600,26.17
2009-04-27,26.51,27.70,26.51,27.36,1743000,26.46
2009-04-24,26.87,27.16,26.40,27.01,2157800,26.12
2009-04-23,25.51,26.56,25.40,26.42,2740700,25.55
2009-04-22,26.13,26.18,25.71,25.79,1365100,24.94
2009-04-21,26.39,26.61,26.00,26.27,1505600,25.40
2009-04-20,26.79,27.25,26.20,26.30,1416000,25.43
2009-04-17,26.97,27.46,26.62,27.30,1607100,26.40
2009-04-16,26.70,27.06,26.35,26.92,2035900,26.03
2009-04-15,26.56,27.02,26.29,26.69,1280200,25.81
2009-04-14,26.56,27.25,26.52,26.72,1841400,25.84
2009-04-13,26.99,27.26,26.78,26.92,1745500,26.03
2009-04-09,26.16,27.11,25.90,27.09,2507600,26.20
2009-04-08,26.05,26.31,25.20,25.84,1938100,24.99
2009-04-07,26.00,26.20,25.74,25.87,1901100,25.02
2009-04-06,26.12,26.57,26.00,26.18,937300,25.32
2009-04-03,27.18,27.27,26.07,26.33,1417000,25.46
2009-04-02,26.65,27.37,26.40,26.95,1656800,26.06
2009-04-01,26.63,26.63,25.98,26.19,1992700,25.33
2009-03-31,26.53,27.39,26.25,26.85,2453100,25.96
2009-03-30,27.00,27.07,26.06,26.30,2345000,25.43
2009-03-27,27.28,27.78,26.96,27.49,2133200,26.58
2009-03-26,25.95,27.50,25.95,27.50,2175900,26.59
2009-03-25,26.45,26.82,25.77,26.62,2398500,25.74
2009-03-24,25.87,26.50,25.51,25.99,1957600,25.13
2009-03-23,25.24,26.07,25.00,26.05,2293900,25.14
2009-03-20,24.97,25.41,24.61,24.95,2399600,24.08
2009-03-19,24.98,25.13,24.42,24.75,2320800,23.89
2009-03-18,24.63,25.29,24.24,24.84,2119600,23.97
2009-03-17,23.75,24.55,23.66,24.54,2368500,23.68
2009-03-16,23.39,24.18,23.39,23.61,1396600,22.79
2009-03-13,23.20,24.02,23.02,23.92,1583500,23.09
2009-03-12,22.45,23.35,22.45,23.32,2244900,22.51
2009-03-11,22.98,23.30,22.55,22.71,1981800,21.92
2009-03-10,22.15,22.94,22.01,22.88,2054300,22.08
2009-03-09,22.28,22.81,21.80,21.88,1858400,21.12
2009-03-06,22.27,22.93,22.02,22.45,2227000,21.67
2009-03-05,22.97,23.07,22.40,22.46,3619400,21.68
2009-03-04,22.69,23.63,22.36,23.42,2792200,22.60
2009-03-03,22.55,23.04,22.22,22.52,2393000,21.73
2009-03-02,23.00,23.27,22.12,22.21,3124200,21.44
2009-02-27,23.13,23.66,22.73,23.12,3757600,22.31
